315 500 329 467 285 212 226 127 415 204 49 342 302 494 344 251 57 223 428 211 97 152 480 115 448 511 378 42 214 443 487 28 250 178 372 267 479 36 323 305 284 181 349 275 220 470 240 181 449 374 311 142 508 223 336 392 213 100 179 350 82 490 261 191 456 365 200 89 60 331 274 107 43 271 252 312 478 264 60 113 441 9 282 297 136 484 222 109 418 168 137 93 323 126 405 72 284 195 204 377 196 504 264 384 436 322 336 156 321 123 340 275 170 281 106 391 17 105 267 177 254 100 267 122 154 504 202 100
10 389 210 338 23 359 153 357 338 114 165 287 511 218 81 5 73 201 357 385 321 418 150 309 132 264 474 364 39 136 352 348 217 4 80 224 38 154 165 161 372 497 477 68 206 16 165 169 234 120 331 191 297 153 398 189 216 400 24 151 493 215 130 446 392 214 358 133 382 310 269 82 488 155 442 52 39 358 156 98 56 224 490 125 104 164 161 180 505 394 43 71 269 16 49 489 263 398 205 73 138 114 430 370 61 34 489 197 475 138 470 385 237 453 216 38 391 80 88 162 190 341 424 458 480 278 140 308
59 205 225 46 401 39 55 58 22 388 432 164 51 106 10 470 371 125 429 283 491 196 455 149 273 196 234 189 401 68 426 77 235 169 353 316 96 15 384 291 274 7 295 351 103 151 455 390 211 83 442 359 292 425 477 466 30 66 112 396 391 429 81 72 489 76 246 259 377 349 110 337 123 406 444 346 42 18 367 447 69 417 383 434 223 22 491 360 212 91 6 101 276 471 56 9 450 262 288 199 203 412 40 467 321 201 388 486 505 85 44 414 262 81 150 197 174 57 426 344 139 155 302 470 160 510 301 308
358 200 134 91 64 22 135 228 50 367 365 47 184 236 369 369 100 364 205 496 280 300 75 399 470 78 406 325 430 337 102 429 340 327 230 366 236 50 256 489 202 268 372 255 202 320 411 73 188 204 327 435 389 68 424 502 261 98 355 35 230 460 329 139 327 82 312 332 68 230 317 482 414 301 479 99 13 72 314 46 489 326 356 193 259 501 105 106 226 480 492 85 23 496 141 162 33 252 348 476 438 421 421 81 400 116 195 172 344 60 215 404 386 282 380 208 129 74 462 63 74 81 405 421 266 136 26 447
57 63 400 415 334 444 253 71 467 336 495 372 350 504 286 287 193 223 201 260 218 66 345 112 288 169 148 284 491 230 98 185 396 65 293 361 255 477 171 179 138 352 416 502 382 181 211 311 275 162 38 139 418 10 104 338 213 6 30 468 406 286 67 292 498 212 274 217 433 248 54 435 24 267 429 169 242 231 117 157 190 159 191 273 116 9 219 371 141 457 128 355 392 306 201 337 230 414 120 462 162 471 199 127 261 501 79 64 95 252 507 10 1 426 5 436 253 328 303 56 145 63 80 80 264 482 330 447
486 93 171 273 141 155 430 413 296 349 61 54 226 121 418 477 429 293 328 24 394 8 344 255 163 216 413 262 460 143 422 465 478 386 43 227 484 198 306 327 473 63 139 82 224 144 105 283 25 485 389 193 371 332 135 364 441 473 254 306 249 258 285 296 223 431 409 185 423 364 271 497 415 72 47 356 38 138 304 108 478 413 256 249 320 279 45 451 52 172 116 359 342 506 378 362 243 366 175 477 316 162 138 234 323 249 177 207 255 499 58 331 135 132 13 217 129 221 17 344 239 37 38 54 300 40 492 296
127 279 498 67 101 261 142 173 8 243 89 167 11 253 424 389 65 344 479 253 395 308 68 274 148 262 508 54 272 402 169 61 410 107 90 17 5 176 17 363 370 91 472 111 360 403 71 249 151 123 314 69 318 402 36 409 490 461 375 190 98 227 211 431 19 37 368 175 42 126 366 200 357 378 446 374 108 425 497 100 284 222 103 405 86 408 19 140 73 132 451 63 425 351 115 218 266 313 39 38 198 476 312 261 500 32 302 163 249 82 268 399 201 428 468 395 398 381 306 422 325 34 215 150 357 360 225 454
314 129 347 357 265 386 367 154 310 480 313 88 366 55 82 64 488 321 247 331 179 477 30 496 193 391 106 440 407 371 88 117 488 153 8 266 26 130 106 73 404 216 395 68 147 23 473 4 267 432 459 11 160 382 344 335 293 459 483 209 427 287 132 68 157 78 46 161 257 365 500 79 347 236 424 379 177 361 409 263 433 305 99 47 189 205 283 37 29 90 252 425 500 54 427 435 260 345 163 396 409 262 121 379 195 329 341 353 397 26 425 384 389 459 35 149 55 464 34 466 224 170 372 238 387 418 458 332
48 166 507 216 292 40 373 31 7 474 334 314 149 78 201 330 359 73 262 99 299 309 73 505 419 77 6 21 372 289 183 195 335 209 205 98 360 146 407 244 89 47 202 234 327 440 109 231 448 317 8 76 205 400 78 286 210 288 291 288 3 266 501 138 269 86 47 215 16 469 267 50 209 333 218 21 417 284 368 141 349 301 187 362 21 225 41 71 356 373 492 173 298 53 21 101 469 155 313 103 326 286 456 377 357 115 52 385 152 456 236 97 486 219 45 497 359 452 289 252 379 398 459 124 309 233 92 341
247 227 354 38 219 94 61 388 58 355 156 283 216 401 420 287 281 430 59 45 194 398 3 402 440 436 263 355 192 239 502 22 333 69 472 114 449 41 282 330 334 313 472 195 142 249 340 286 440 330 356 119 105 245 213 317 23 388 162 28 13 330 457 117 493 389 414 184 27 90 383 453 430 178 110 511 330 182 282 493 85 378 92 223 54 9 38 262 45 511 38 466 115 81 291 70 232 413 94 15 119 161 169 495 250 3 123 228 7 464 138 86 9 216 234 81 272 213 351 242 401 118 476 199 68 135 449 399
266 433 467 324 185 391 171 359 182 54 305 418 184 57 146 82 216 89 232 191 72 108 271 346 243 364 93 107 10 362 75 164 43 270 357 409 435 91 364 108 145 163 295 418 245 303 13 209 210 336 209 310 191 118 12 393 266 364 294 407 342 42 204 192 383 28 479 128 353 97 328 327 455 66 166 175 154 11 472 405 70 25 247 202 456 318 498 144 134 51 316 467 231 33 221 383 239 218 317 234 380 494 449 234 32 335 277 132 213 192 400 477 183 373 108 80 136 460 10 472 500 7 255 500 209 495 34 395
450 301 20 262 7 103 156 431 314 40 343 296 49 105 41 439 406 126 309 504 488 39 257 102 271 344 183 392 195 461 461 415 202 506 194 455 176 403 475 222 293 255 234 11 429 20 435 34 362 226 290 284 121 116 61 213 510 187 13 400 163 202 67 190 386 481 332 311 58 45 14 235 78 296 253 238 203 79 261 392 500 401 153 355 2 487 448 28 310 451 171 171 219 14 182 4 154 58 401 182 285 128 217 5 334 166 48 11 294 393 479 15 304 460 105 108 133 327 251 414 146 502 2 159 317 251 359 434
379 271 334 405 189 422 459 30 298 439 119 474 299 466 448 92 503 128 181 63 89 444 451 268 355 506 148 155 289 77 479 142 190 144 135 406 174 73 112 62 128 398 232 222 420 303 61 311 312 66 491 484 175 221 265 104 371 205 373 416 223 446 335 214 147 390 263 138 451 348 217 458 34 498 300 174 199 173 28 442 21 185 344 396 408 195 158 212 114 144 271 511 505 420 128 84 51 210 506 369 435 292 172 500 184 297 5 443 415 358 220 467 4 358 507 345 67 171 161 194 82 75 323 312 176 494 279 176
161 460 311 214 277 101 87 95 217 43 185 275 359 411 45 504 278 230 166 360 161 175 486 289 488 77 72 62 193 307 77 508 188 175 405 459 377 323 98 7 406 299 116 265 278 156 268 200 175 419 95 133 317 26 429 120 434 188 398 60 370 447 302 293 508 133 21 483 58 148 91 160 377 164 85 420 247 418 489 146 377 474 64 56 50 379 223 276 356 84 328 472 214 357 438 313 327 208 321 164 325 185 226 372 175 470 273 399 212 215 351 296 453 335 445 80 508 19 17 434 355 415 419 340 320 42 405 84
328 332 482 268 9 58 427 137 403 123 200 198 29 390 15 270 502 228 41 63 80 197 368 407 32 75 218 79 273 75 221 63 101 152 346 489 197 128 105 7 367 128 436 101 230 242 49 269 281 495 240 318 414 126 402 285 107 441 192 284 276 388 263 242 455 492 410 182 407 165 345 267 13 33 171 199 202 290 304 266 217 237 507 21 175 50 4 29 224 220 492 224 331 106 424 494 197 224 497 347 279 360 235 200 446 9 463 254 469 302 334 372 135 389 17 229 380 348 163 474 52 230 126 58 323 333 344 461
238 62 107 89 1 460 120 20 474 385 270 416 323 444 51 81 20 123 448 160 430 224 158 82 238 31 264 499 216 406 39 377 12 126 306 63 314 308 28 356 433 434 167 412 172 332 354 317 307 508 502 131 4 445 85 44 397 195 159 153 281 49 192 407 354 296 503 260 223 279 355 3 45 6 473 400 349 1 394 372 462 62 417 435 34 379 182 75 155 130 453 443 401 235 313 461 235 5 402 443 341 233 337 44 112 356 89 51 430 291 331 459 84 480 326 372 404 442 167 444 142 355 338 244 60 380 268 355
425 308 199 286 490 10 299 50 107 323 227 474 354 199 87 14 263 343 177 326 317 230 43 54 286 132 393 73 222 446 58 353 464 62 194 385 474 332 273 209 126 383 444 317 494 37 293 280 132 508 223 351 271 131 499 377 254 189 431 35 257 382 79 496 111 108 38 482 248 218 509 106 74 325 364 244 325 475 81 453 36 506 57 315 79 293 298 239 392 282 83 164 249 89 370 233 113 256 356 303 323 336 324 353 206 165 468 493 365 130 217 207 104 425 511 83 451 443 78 127 363 507 173 272 115 211 36 400
273 240 387 464 501 316 227 258 457 256 100 187 479 259 505 506 93 504 371 74 395 112 181 271 436 189 510 224 392 118 357 444 391 270 356 269 311 264 337 22 337 438 12 464 206 19 137 186 445 374 494 167 502 354 431 386 447 308 285 194 181 496 173 448 351 486 173 231 290 345 27 508 287 33 29 37 160 442 477 420 309 311 253 398 280 32 510 4 141 164 104 376 191 373 312 397 33 174 177 506 93 219 49 103 458 96 213 348 160 74 58 166 180 84 256 477 425 266 174 318 468 353 49 163 299 397 4 368
328 89 431 505 298 115 445 127 441 134 98 427 476 65 53 253 495 53 437 195 175 247 396 70 386 80 38 91 158 422 152 146 231 369 175 235 433 446 58 97 279 494 225 61 22 450 239 202 186 398 377 263 293 488 162 197 283 39 261 56 301 38 16 10 5 302 344 277 284 460 90 114 208 497 197 409 362 304 167 255 467 75 40 476 303 451 239 33 259 143 135 418 337 444 24 440 482 389 410 93 342 436 204 392 164 162 300 347 188 364 486 34 294 284 400 253 17 151 85 159 298 98 449 361 450 131 256 503
442 263 232 315 492 105 378 7 334 511 249 290 295 283 485 292 493 152 3 86 165 379 505 321 469 233 276 131 284 208 58 28 122 420 486 12 3 48 226 328 479 159 32 295 481 75 438 476 256 448 67 466 247 485 18 414 130 335 214 186 378 98 343 267 97 404 83 497 236 35 70 495 49 217 438 393 20 361 66 310 75 208 41 180 134 31 78 195 288 114 277 367 331 489 350 313 17 416 483 405 442 26 427 324 55 31 457 98 153 262 315 13 508 455 315 302 486 501 76 418 183 74 383 193 439 43 246 379
335 481 71 334 198 430 290 495 395 148 414 391 506 99 407 481 237 316 157 227 364 195 178 64 276 187 390 329 47 398 416 114 511 62 154 134 345 464 79 81 434 244 168 354 420 439 345 75 242 14 459 63 227 56 331 187 48 259 419 130 376 158 443 152 390 74 474 254 370 490 214 130 56 289 331 28 416 296 27 437 457 505 304 339 21 124 310 275 276 67 276 193 98 348 395 29 478 232 298 194 97 215 90 26 224 120 55 484 53 471 49 135 35 450 357 447 331 187 438 330 150 94 41 447 500 95 202 444
171 211 378 421 400 264 69 389 354 282 321 207 411 8 401 329 338 271 353 229 152 384 145 373 479 143 109 219 475 54 181 362 55 317 187 118 41 242 405 293 178 92 228 105 267 122 313 242 500 487 316 480 33 15 155 45 400 288 209 328 7 361 272 234 145 377 242 460 315 252 312 102 420 47 265 328 63 509 61 457 474 17 435 51 152 36 509 185 184 119 232 271 45 162 106 213 141 371 215 221 398 51 5 438 448 55 58 195 313 9 21 11 294 415 496 205 312 233 497 195 454 324 318 482 500 465 305 151
271 440 88 349 344 483 316 482 158 77 487 6 96 223 119 177 81 129 223 480 426 250 277 349 176 206 129 220 402 398 196 213 121 160 151 81 174 312 468 21 155 324 479 408 147 112 152 245 158 82 186 27 29 45 455 208 41 96 222 57 421 405 488 445 304 489 401 115 185 119 34 330 396 423 131 507 307 58 61 71 192 391 422 268 72 393 299 324 205 318 125 119 385 129 91 235 164 405 350 467 346 488 144 84 208 148 279 367 400 200 76 344 120 467 271 472 181 264 489 70 65 14 265 106 193 496 121 385
380 244 336 125 231 200 169 208 469 31 392 201 399 404 379 230 187 492 365 439 478 511 334 455 509 501 381 307 477 509 266 139 70 178 236 112 76 120 207 431 246 302 314 456 348 156 266 253 432 25 123 70 355 336 450 365 33 31 62 191 212 328 67 16 224 486 161 414 92 215 253 259 66 16 305 144 507 185 92 363 372 419 122 345 98 504 167 93 117 383 304 481 495 316 403 222 17 87 45 129 226 66 122 424 426 396 480 380 54 511 375 66 109 179 144 448 426 120 402 143 109 269 130 385 175 485 217 499
331 338 203 360 76 70 179 45 171 192 498 203 21 362 64 326 2 330 325 140 64 350 121 449 190 276 137 482 153 47 218 303 395 367 312 312 276 373 303 296 24 143 483 385 53 84 174 194 79 170 349 330 407 108 455 117 258 359 71 486 200 183 118 418 61 340 472 467 365 459 93 214 404 348 299 182 82 210 292 364 144 462 114 424 289 508 377 400 444 474 378 388 318 330 182 106 398 83 403 446 317 260 45 328 369 289 177 205 173 284 149 429 364 282 459 298 105 154 246 154 229 360 282 502 372 66 347 441
499 472 94 147 92 392 402 38 398 115 114 213 360 389 23 454 447 482 454 384 433 192 422 481 488 342 194 306 93 280 225 184 382 498 448 377 199 348 483 315 146 78 146 331 476 16 510 509 164 505 462 5 110 87 190 63 327 101 364 431 465 376 252 261 192 459 113 269 276 131 183 460 404 329 457 299 155 350 173 134 443 356 49 23 340 368 92 130 157 262 253 223 179 361 256 245 392 504 83 33 285 17 425 191 15 289 127 88 256 73 453 453 157 314 345 341 379 72 183 490 361 225 453 364 409 327 358 191
224 443 78 196 329 420 269 143 413 15 412 221 332 310 122 107 234 14 335 484 397 162 104 47 348 273 431 264 267 356 82 280 187 90 330 228 457 48 387 53 164 420 266 227 463 136 328 78 253 141 360 330 296 374 159 279 487 331 323 132 338 89 196 234 401 470 423 313 358 22 73 39 103 311 372 333 104 143 26 325 181 161 247 203 369 231 172 358 381 69 135 291 476 249 99 148 105 201 485 115 188 59 472 260 220 99 476 360 14 294 133 83 34 92 352 45 48 145 407 266 233 462 195 75 99 64 208 497
179 173 31 123 251 406 235 16 116 416 130 101 168 360 92 110 443 451 454 334 505 321 507 416 85 225 289 330 30 146 271 243 481 314 74 507 156 58 292 101 22 420 173 135 472 33 145 256 466 241 247 208 261 448 97 320 102 366 436 154 159 483 22 486 379 94 465 428 327 49 296 70 405 297 128 112 375 329 69 383 461 404 261 109 174 137 125 1 347 306 386 416 162 128 277 118 395 491 19 407 472 347 29 348 181 406 141 167 426 183 275 259 40 200 248 110 431 318 386 257 81 475 343 410 223 68 59 468
5 349 68 223 393 321 168 144 442 412 380 67 316 417 425 196 288 438 163 337 259 284 427 332 339 509 115 309 236 166 97 486 265 473 300 304 39 159 37 192 282 437 460 454 391 270 52 329 59 337 485 141 224 455 510 487 267 230 48 441 287 41 407 435 210 341 492 324 128 322 208 42 59 293 500 412 263 229 448 108 357 20 55 490 330 312 431 56 229 1 349 352 61 177 24 436 180 104 372 64 408 31 416 198 392 52 142 47 304 121 264 308 489 35 425 462 314 335 140 52 144 461 301 491 13 152 129 424
328 44 507 451 197 341 218 430 161 296 510 355 423 326 456 382 128 188 188 503 449 27 123 196 385 428 477 279 230 214 258 480 366 252 50 286 151 374 429 473 500 355 19 408 157 127 71 65 337 114 245 37 262 437 9 398 299 191 125 470 457 417 292 397 207 411 367 221 194 56 263 454 275 184 383 426 166 139 46 14 232 96 421 508 152 386 265 199 124 494 147 306 107 28 68 4 439 448 284 39 502 494 487 259 401 140 122 135 333 25 213 263 509 370 406 345 49 57 325 509 485 193 480 388 269 235 218 96
265 104 478 327 244 351 258 185 344 173 261 323 446 302 216 32 190 213 94 49 164 380 432 171 141 82 62 16 40 125 37 81 43 58 241 3 91 85 348 265 461 435 361 131 246 181 442 95 382 206 234 226 472 311 144 331 8 346 49 506 16 147 181 313 409 351 283 330 192 183 392 218 252 391 322 425 371 123 113 148 78 261 502 109 181 28 112 64 276 398 458 216 410 109 396 43 405 502 475 113 407 55 6 298 62 373 81 375 414 40 121 9 128 426 474 420 485 408 345 377 156 44 82 125 471 149 285 250
234 203 276 221 132 185 483 380 328 487 348 19 508 298 159 120 461 176 468 245 403 431 248 164 223 431 42 78 378 209 317 296 431 319 455 359 312 433 396 481 245 66 200 362 52 156 433 292 159 113 453 467 365 295 235 118 235 309 339 176 313 423 437 146 274 241 474 330 386 392 350 387 422 127 208 480 357 265 315 228 159 178 25 238 65 90 386 464 175 429 38 217 379 130 385 62 147 300 476 91 79 263 13 380 127 167 290 178 403 374 456 107 241 484 408 104 272 326 226 271 266 3 414 94 21 128 248 448
62 317 487 368 457 227 425 167 190 482 151 9 7 137 222 87 46 428 20 378 472 150 235 127 81 505 297 480 385 19 366 143 223 222 405 326 74 305 390 471 380 177 414 432 438 221 308 16 310 212 146 402 71 97 484 145 176 309 7 24 27 245 24 328 342 322 10 230 56 25 302 180 142 180 448 312 420 188 74 39 406 186 434 499 277 280 1 494 202 205 75 131 269 303 206 276 25 461 409 278 360 371 108 116 302 127 404 241 501 389 378 92 271 309 143 146 434 486 373 493 436 232 70 503 398 408 507 264
76 85 63 144 19 38 315 242 6 47 385 160 98 293 163 94 378 318 294 35 300 172 307 86 475 162 130 243 356 482 129 323 250 102 294 507 311 154 80 246 49 101 191 382 243 369 62 115 294 10 98 221 61 16 47 348 350 369 68 286 66 111 330 319 239 303 371 199 44 136 53 141 321 165 356 117 465 114 469 10 237 249 216 387 288 72 396 213 152 295 390 308 143 336 442 272 179 370 471 40 345 166 373 8 307 418 186 150 101 489 96 404 374 87 132 136 336 35 82 5 10 379 342 78 331 488 423 397
129 330 150 421 312 267 322 176 152 417 194 237 221 94 164 436 440 12 444 141 138 201 158 446 507 206 215 222 348 345 422 489 335 247 464 304 14 485 302 466 186 71 272 214 210 353 408 129 241 395 466 433 498 437 184 436 248 155 437 151 190 89 460 312 110 158 64 414 200 441 407 121 255 85 221 118 272 178 284 476 159 289 377 411 418 174 123 258 389 367 122 5 260 380 423 207 409 85 175 467 178 135 65 279 365 3 360 16 233 260 285 76 95 116 44 90 54 348 286 21 228 326 165 67 379 254 511 487
87 133 328 226 25 166 77 487 179 426 304 17 475 471 293 173 233 160 19 162 204 235 324 180 247 55 242 229 190 308 216 169 390 491 304 263 382 151 101 486 179 424 259 437 353 468 468 307 376 102 196 306 236 118 486 459 443 239 437 116 292 243 59 115 63 116 22 402 455 450 195 450 334 430 81 318 310 498 459 422 249 226 452 403 96 326 288 81 92 212 194 214 511 257 156 74 423 309 427 284 146 409 354 166 440 388 299 361 475 409 46 374 309 89 75 188 336 195 483 208 504 162 415 28 333 322 502 295
184 376 347 403 358 254 248 248 487 43 348 481 54 344 378 236 84 416 157 468 443 229 63 470 14 110 421 222 328 120 505 244 15 453 263 230 221 312 439 183 473 88 76 378 176 79 123 361 364 159 398 115 485 198 288 92 494 270 18 27 228 158 488 448 416 473 465 407 128 354 429 492 317 33 180 356 173 133 284 58 225 227 467 89 399 130 31 337 479 483 445 169 16 198 359 173 17 135 220 254 451 107 492 324 384 52 221 64 395 428 308 472 86 486 168 475 78 39 233 282 199 273 232 293 321 171 81 506
66 70 362 474 430 233 363 394 484 227 256 405 202 50 338 140 254 280 93 162 286 306 118 239 241 336 377 282 59 102 98 195 289 115 494 9 301 380 61 146 321 36 51 191 363 52 374 247 491 211 80 254 330 123 299 22 196 86 166 331 381 74 406 373 326 324 283 115 300 321 369 245 352 202 508 505 42 178 321 461 474 268 467 235 299 229 171 319 304 479 101 440 349 316 309 114 268 152 298 429 325 314 201 10 48 69 156 224 252 427 184 94 445 330 321 159 346 302 257 368 398 425 182 230 79 484 217 247
440 306 374 2 374 241 159 399 127 225 109 429 162 416 44 453 280 295 159 361 491 401 188 337 11 32 261 281 410 492 440 63 278 480 89 212 325 161 53 193 39 430 306 284 160 205 501 35 286 363 1 205 447 372 140 45 449 396 4 132 193 328 384 268 42 472 218 332 84 169 379 175 141 482 84 417 505 14 412 102 217 371 27 60 94 37 439 378 487 159 308 421 252 357 414 191 317 468 217 128 58 458 130 307 233 362 312 470 369 201 379 209 230 16 214 421 106 97 240 4 235 368 399 182 274 118 290 350
391 341 387 78 235 305 503 133 247 474 94 186 108 476 11 239 314 278 437 253 140 505 41 357 113 12 194 3 350 457 346 286 258 332 249 265 35 213 217 194 179 340 247 41 216 496 55 74 134 11 176 324 132 170 191 396 51 107 214 467 172 124 358 287 429 192 351 384 339 151 61 419 408 478 375 385 334 424 321 16 305 306 160 298 503 157 420 148 189 157 295 74 1 227 337 298 311 334 272 161 302 472 296 49 170 225 157 150 500 157 373 35 153 360 373 293 237 490 171 424 230 444 443 394 414 503 379 173
133 172 45 75 79 211 227 104 283 111 160 129 49 296 369 384 371 267 21 365 271 246 200 317 414 414 177 287 352 87 501 249 82 60 278 497 100 157 149 466 451 259 249 362 209 209 261 353 296 266 304 123 361 278 344 149 438 104 245 158 238 245 320 216 50 257 306 420 189 252 360 46 499 258 272 232 502 245 77 119 457 224 231 353 425 229 379 507 417 277 503 397 504 255 235 260 440 428 12 435 159 49 349 80 113 44 140 37 370 66 72 362 118 141 398 51 19 434 320 301 4 466 109 225 239 354 216 80
210 510 18 267 145 200 125 220 275 74 81 355 465 33 290 377 349 333 262 220 405 22 465 189 339 187 372 421 272 198 146 493 40 189 144 126 388 466 384 165 367 360 375 500 360 118 484 314 100 320 400 509 159 308 133 458 487 146 281 103 288 67 79 362 253 110 39 198 222 199 316 235 97 297 458 129 292 213 256 80 398 295 158 188 422 10 166 10 230 470 353 386 292 221 308 226 295 415 470 121 122 406 354 432 319 369 488 75 258 380 371 236 485 108 262 378 1 75 104 334 179 385 253 247 483 391 137 141
344 21 230 479 12 228 73 162 449 266 254 304 504 193 105 90 116 111 300 468 296 328 73 243 357 113 411 182 39 359 291 375 47 309 493 477 99 483 199 154 348 431 194 414 255 255 58 401 2 144 376 240 114 53 363 193 297 11 167 455 362 133 321 95 344 188 101 144 470 69 482 154 73 16 429 348 156 186 201 148 257 210 160 345 317 352 190 79 85 221 500 289 52 206 109 6 160 270 449 379 300 60 212 127 366 305 210 343 342 220 67 34 32 246 398 131 455 395 346 507 18 485 368 94 13 127 162 118
254 218 73 193 474 199 511 358 109 439 386 316 269 506 152 474 480 489 271 353 375 206 287 343 232 355 255 490 439 468 11 465 504 507 426 212 417 56 165 294 417 390 384 32 307 423 93 140 179 231 460 242 420 476 441 401 266 78 51 165 105 138 343 112 275 57 186 454 64 48 215 451 112 39 250 291 7 241 16 267 65 446 295 47 60 114 22 466 206 4 221 30 386 353 450 321 199 196 312 134 284 117 362 333 130 368 189 389 317 307 156 318 357 459 252 477 19 168 109 24 328 443 16 230 435 270 388 418
437 423 497 174 25 224 331 202 381 423 179 227 461 493 398 104 75 324 314 222 202 474 381 427 252 127 362 274 156 420 69 182 151 250 273 113 141 97 69 280 36 196 422 142 159 133 103 62 164 272 501 442 308 188 321 257 172 464 86 317 268 204 298 322 363 150 465 75 317 152 392 306 275 312 411 301 253 160 413 480 10 449 64 268 134 285 309 24 341 397 340 452 228 275 418 350 348 447 44 167 202 450 207 483 212 67 5 140 163 78 8 332 89 261 311 252 88 271 192 162 308 143 160 71 153 484 118 475
243 305 482 210 36 490 3 238 222 366 89 476 76 143 186 149 164 225 493 1 142 133 463 501 500 317 370 24 105 170 481 399 459 420 173 73 227 371 83 383 175 172 177 457 376 161 67 121 259 240 71 219 408 123 286 445 274 431 183 453 422 460 500 151 368 113 152 153 52 347 2 407 274 132 259 273 426 119 1 478 310 104 190 176 448 489 81 251 492 302 352 92 259 492 174 439 297 448 25 258 499 93 474 117 240 419 384 401 278 171 421 209 332 444 238 150 272 303 58 95 224 162 182 208 73 201 97 72
31 126 268 335 160 247 312 306 71 394 190 133 388 397 46 12 317 508 467 342 485 143 89 2 398 77 375 231 387 278 23 300 289 495 307 330 408 490 386 39 256 322 133 357 84 282 352 181 493 28 425 471 84 413 81 290 204 416 435 166 494 319 501 112 279 419 274 440 473 312 300 149 224 81 360 196 475 225 190 60 168 425 125 58 469 505 399 384 302 14 157 43 263 164 13 429 151 491 334 145 80 318 435 327 188 338 441 257 343 213 411 71 133 236 440 73 272 149 271 464 490 410 271 325 344 330 424 138
482 68 347 411 346 408 420 116 443 36 404 23 455 168 319 220 419 220 203 411 101 298 287 25 328 184 14 306 297 41 253 297 435 472 63 116 210 17 354 57 364 188 469 188 248 261 452 449 352 364 139 485 220 314 451 449 478 118 225 335 140 223 485 77 83 79 41 467 31 429 169 245 27 473 386 211 59 394 328 133 481 259 411 212 21 478 403 457 404 494 222 214 301 365 382 492 65 78 94 182 508 259 246 202 331 93 196 220 447 250 48 91 310 416 450 323 274 480 196 436 337 314 230 456 66 197 329 23
177 366 103 430 114 269 228 461 230 307 380 511 342 69 379 2 394 392 172 7 450 278 224 31 61 123 6 184 305 103 46 414 407 221 178 72 171 117 12 127 45 104 193 131 337 393 97 65 100 62 56 431 231 392 425 227 157 283 190 145 250 256 143 377 300 56 373 329 336 497 137 327 338 256 491 22 444 62 441 96 440 179 394 362 48 84 8 148 17 241 45 305 241 118 496 81 464 367 387 135 53 50 176 129 399 127 34 147 391 406 12 426 154 87 143 242 278 29 95 27 259 295 434 420 132 485 431 61
286 79 233 262 273 465 13 134 229 18 324 348 205 256 94 108 218 232 106 17 141 344 511 93 339 458 46 459 363 318 373 152 475 140 425 278 483 255 332 59 29 206 199 56 417 496 421 301 507 83 26 37 352 91 344 408 259 251 158 504 438 464 271 434 291 420 465 207 424 388 132 154 58 262 437 304 260 147 362 299 467 502 274 231 345 11 173 341 384 231 163 197 311 416 102 167 468 398 368 165 324 102 372 401 176 215 176 475 341 465 340 173 383 175 497 461 289 293 219 220 61 245 11 466 427 239 185 193
81 141 216 101 51 314 225 170 236 345 381 186 408 426 482 371 309 175 131 215 281 311 29 343 278 135 94 418 444 59 461 195 288 416 288 21 494 371 375 272 44 452 107 457 233 376 87 482 495 336 410 222 233 101 149 24 453 252 76 471 494 199 484 187 455 163 125 133 467 8 391 361 270 390 178 311 130 7 169 455 482 58 170 352 337 194 306 227 414 396 214 116 220 425 123 169 386 12 330 87 91 43 504 453 400 447 486 299 228 395 193 444 112 415 172 343 54 30 153 493 484 332 130 338 194 134 299 5
279 226 72 467 37 90 466 162 126 128 277 1 375 64 463 384 53 171 55 419 36 177 383 307 455 355 427 222 408 195 455 151 277 194 70 253 469 241 127 106 438 379 450 29 374 440 334 211 248 328 314 57 225 181 173 404 364 447 458 377 396 443 66 76 494 126 178 14 29 85 446 233 35 239 239 227 265 266 236 126 495 219 510 150 417 234 367 9 466 3 435 446 238 75 60 115 144 132 148 53 83 307 394 76 502 482 145 172 232 224 40 7 317 499 6 173 43 142 348 359 332 505 342 18 406 449 349 270
33 104 345 202 67 282 25 24 106 18 415 174 379 259 476 313 9 266 379 25 145 316 327 426 468 349 227 359 362 345 99 5 414 38 189 134 464 26 205 238 236 426 356 408 221 497 464 159 189 382 481 17 364 308 374 179 35 33 146 57 463 262 238 90 110 163 297 474 289 118 14 185 231 84 204 129 485 4 244 465 494 143 119 75 318 202 383 67 352 101 298 4 317 92 288 216 414 300 410 226 136 184 310 314 101 258 373 441 113 317 369 24 155 54 314 297 92 8 70 219 81 378 339 37 234 258 440 30
144 350 193 246 35 333 25 437 209 419 126 505 74 296 148 450 283 57 337 134 120 48 145 288 468 199 427 200 487 365 272 144 142 365 148 97 10 332 30 8 35 70 165 97 505 459 58 190 482 420 353 338 487 28 234 273 401 337 26 112 16 59 254 372 366 26 436 349 365 373 90 140 365 284 351 501 173 433 439 5 378 467 373 498 421 261 9 55 214 140 278 463 333 109 98 458 358 398 106 481 200 177 116 16 19 411 452 316 489 48 117 271 259 11 416 126 474 166 80 123 113 402 44 62 246 90 478 282
354 83 30 190 501 394 37 276 312 211 335 408 357 194 113 234 147 355 132 259 107 431 427 478 345 264 400 23 235 294 364 365 187 458 131 292 223 501 65 432 382 23 45 256 306 34 438 218 453 375 224 339 444 411 19 281 460 68 432 288 498 56 313 131 319 67 371 256 219 502 203 346 155 211 223 134 223 192 328 126 68 271 248 479 390 400 208 125 168 58 196 153 159 181 501 270 98 353 149 338 114 66 89 488 462 137 308 253 377 500 344 133 366 290 98 297 188 167 428 176 56 38 293 55 281 439 406 453
402 356 20 460 185 108 139 193 87 221 8 443 260 163 297 291 109 265 99 384 448 32 265 456 147 167 193 488 4 162 327 340 308 255 315 485 416 393 178 101 422 495 308 41 401 140 133 95 48 47 43 109 330 362 155 429 308 300 360 76 421 33 148 61 21 288 218 359 258 202 161 482 223 442 50 348 207 479 18 109 509 46 106 390 5 129 256 266 191 482 341 102 171 63 209 122 90 316 311 107 100 428 115 108 135 4 411 383 424 215 170 182 401 208 463 381 353 395 334 286 340 158 354 186 209 166 45 98
124 393 3 370 335 30 481 159 3 162 139 19 165 76 334 251 235 426 110 108 236 510 6 36 186 126 503 71 52 223 338 8 360 105 305 218 491 291 417 340 466 382 360 114 171 494 493 379 94 173 425 421 358 188 132 343 411 261 241 197 346 271 456 232 111 221 380 327 508 442 426 201 103 467 119 142 252 338 416 144 328 324 24 380 316 280 383 457 272 113 183 24 397 442 60 102 10 432 375 72 225 294 228 245 271 44 311 235 392 257 125 43 159 259 149 37 254 163 22 71 124 199 31 166 443 147 19 221
332 306 362 437 280 265 146 448 52 403 198 263 89 90 158 302 31 354 477 433 438 197 407 368 294 111 373 418 39 319 402 450 304 176 186 409 32 397 34 145 301 238 235 158 499 206 150 489 85 367 10 268 193 91 406 136 198 160 162 110 252 182 72 186 276 248 182 86 395 270 138 376 348 143 19 148 19 496 12 421 263 188 77 227 312 83 85 330 164 150 26 220 139 266 357 70 192 292 201 71 149 459 146 292 412 243 107 86 34 215 407 308 140 78 42 403 60 408 303 261 66 258 310 67 28 452 170 431
266 338 319 235 270 257 131 411 160 278 404 192 383 1 156 139 294 289 453 359 320 231 155 168 232 295 507 510 277 426 22 79 430 198 70 237 452 76 153 198 54 426 2 186 338 123 456 10 133 500 304 508 314 356 470 474 100 458 328 7 362 217 491 112 121 29 473 305 415 242 256 220 135 28 90 337 325 18 508 297 191 209 302 466 491 84 325 399 230 142 460 238 330 172 401 37 196 403 61 1 475 25 280 36 368 511 435 150 497 435 162 384 336 169 136 430 20 507 262 325 16 226 86 336 81 117 37 480
6 236 361 239 445 491 509 356 191 72 297 270 299 506 39 429 248 208 179 127 99 225 95 28 443 240 355 438 445 155 342 349 181 189 255 22 118 344 367 177 493 220 108 275 142 358 103 205 448 127 199 344 14 365 120 328 13 359 361 85 299 428 115 276 197 480 341 444 74 68 316 349 112 340 3 144 60 329 436 66 399 88 449 121 215 471 92 30 279 462 293 379 50 29 436 325 374 508 428 376 128 452 116 440 247 378 57 313 125 280 150 64 167 364 309 106 299 55 30 24 228 215 373 360 240 248 161 348
452 396 31 505 3 15 70 503 431 155 92 94 196 64 98 480 488 422 94 110 125 424 199 342 458 367 349 227 293 480 448 270 228 319 304 37 459 173 24 146 420 176 86 427 413 406 119 410 323 168 259 55 87 366 105 452 275 192 136 7 474 321 195 195 23 38 172 190 29 53 28 70 422 193 468 483 80 234 293 418 26 25 471 428 119 125 469 23 11 132 80 470 464 237 325 359 420 499 426 471 411 300 280 329 500 404 165 296 453 110 121 318 336 398 362 193 173 149 352 62 18 222 21 284 212 311 251 143
435 486 364 494 40 465 473 18 288 446 341 73 22 156 383 138 137 390 25 29 242 191 487 479 235 238 453 404 154 42 440 401 320 107 411 113 237 293 21 58 323 255 352 36 316 45 106 445 63 48 346 371 372 44 272 80 251 242 63 142 393 280 463 493 213 191 44 189 244 258 241 465 276 285 391 72 149 267 167 322 283 207 392 126 337 472 243 80 502 355 425 175 411 486 132 141 500 285 250 442 370 493 119 141 506 485 55 308 395 96 415 308 128 281 226 507 491 42 352 188 135 303 321 465 57 159 303 27
312 473 488 354 76 148 52 198 141 490 430 6 48 53 332 109 4 19 64 387 315 378 503 413 361 285 494 249 232 176 467 368 40 193 53 404 114 345 328 499 244 75 398 379 154 216 490 23 362 377 55 181 495 189 380 270 100 319 102 420 51 476 131 244 346 21 191 79 305 477 400 273 430 16 142 407 96 455 191 81 248 118 235 335 425 383 482 391 217 326 74 197 259 186 335 281 267 199 253 22 355 340 96 348 294 87 345 196 483 486 488 306 327 437 420 338 207 103 426 222 284 172 82 492 466 240 366 350
308 87 337 74 508 36 122 218 444 304 471 369 208 248 310 242 113 1 163 140 438 432 79 452 446 367 189 232 286 431 177 93 128 53 233 174 146 491 424 292 496 455 483 261 141 27 129 458 109 65 124 424 435 205 182 389 248 25 439 444 502 288 57 364 93 373 510 501 203 310 128 154 134 224 286 240 456 345 226 391 502 284 484 331 48 409 339 248 27 224 218 87 182 497 363 492 210 373 50 59 37 246 244 449 243 396 362 419 40 349 446 269 510 356 319 268 215 4 287 115 453 301 99 498 270 210 200 446
26 361 303 95 443 451 423 58 172 17 8 248 479 425 77 369 219 178 305 197 468 68 335 141 338 354 477 72 206 249 30 15 338 110 351 25 302 384 321 137 437 381 91 205 334 482 131 51 67 234 299 397 381 349 42 10 251 290 170 461 96 58 194 395 96 437 284 167 433 503 369 337 72 346 131 384 273 106 145 52 363 373 93 397 335 495 165 354 16 244 107 214 88 343 24 201 269 281 130 333 481 58 360 169 127 456 495 70 487 468 235 419 57 51 487 434 178 9 196 417 354 324 162 23 59 480 118 222
344 425 226 507 281 67 134 148 45 383 489 334 506 477 277 309 81 321 56 469 26 32 36 287 95 147 431 470 110 494 206 200 211 443 334 162 406 82 176 243 360 341 24 396 193 12 409 248 248 32 430 303 362 307 247 319 170 194 352 319 93 301 422 212 17 430 276 364 266 154 173 321 380 481 367 346 355 308 85 161 15 200 402 119 137 223 279 420 165 82 3 474 445 325 424 244 359 484 79 20 81 186 100 9 42 410 238 484 115 371 192 278 390 52 186 197 108 480 200 201 443 261 273 300 234 306 159 279
21 271 425 359 266 441 21 338 170 171 8 19 390 197 56 477 462 324 168 13 411 173 365 63 187 436 347 51 309 332 106 276 486 462 137 308 445 106 264 9 268 276 266 357 431 389 237 101 291 408 4 430 394 293 506 133 432 114 66 185 36 416 360 352 357 442 403 257 229 252 251 506 327 486 331 129 360 422 119 412 466 413 140 96 82 64 38 176 227 48 338 103 298 129 150 135 488 286 15 279 160 151 50 70 154 471 488 288 168 272 170 171 78 36 99 246 276 294 187 511 464 236 378 256 197 416 27 354
38 154 451 311 247 376 276 298 74 423 470 214 286 417 224 371 98 391 194 118 429 336 351 211 265 177 135 61 455 85 413 107 433 342 80 425 1 297 327 73 467 84 132 312 122 339 312 362 288 62 56 293 47 418 86 439 397 389 370 379 325 104 354 231 123 170 326 143 192 284 42 248 395 290 92 432 245 92 267 397 67 248 146 274 25 97 83 309 22 144 404 38 204 191 408 358 485 352 406 279 184 455 7 236 138 400 495 141 31 334 251 309 351 11 182 254 239 243 337 294 61 498 229 108 422 31 53 379
83 362 236 39 291 88 117 289 13 467 224 345 229 96 481 120 268 255 347 480 480 110 226 438 107 318 302 451 392 116 93 304 166 331 15 475 156 53 501 481 219 426 195 48 388 407 97 428 280 463 353 3 282 337 509 31 294 33 67 295 24 295 136 344 398 469 318 92 305 86 87 179 160 465 294 308 325 5 212 128 243 358 333 139 267 263 10 74 324 149 313 492 66 479 247 28 441 5 11 291 223 482 394 5 447 219 168 258 381 273 349 282 443 429 263 445 118 23 84 384 439 99 21 449 4 327 281 264
375 76 499 318 333 377 358 368 430 23 322 111 150 492 441 408 242 468 310 118 383 400 476 100 186 438 419 327 214 228 67 159 233 286 338 223 228 292 20 429 451 459 146 82 242 334 350 191 359 88 275 452 22 357 459 26 21 486 426 123 234 95 103 407 130 412 215 309 362 89 509 17 251 427 175 390 493 423 418 18 430 145 444 147 347 243 7 269 77 381 320 101 237 193 302 434 218 108 115 69 502 486 504 249 404 387 33 145 339 391 139 226 26 39 290 466 206 308 381 246 73 405 63 416 98 130 118 16
63 319 127 305 203 248 478 327 241 451 404 451 369 487 298 351 356 363 345 316 206 472 408 205 23 435 78 93 99 468 396 80 257 473 299 49 315 472 271 234 125 208 38 480 356 447 169 302 310 502 150 104 422 232 98 449 54 23 272 194 414 389 495 304 396 333 234 371 266 382 56 303 408 386 444 92 184 425 267 375 190 392 280 90 5 391 464 121 372 405 397 453 166 215 81 490 64 37 278 351 22 424 468 189 238 8 175 51 371 5 37 407 192 154 420 452 83 444 481 13 90 102 24 485 408 412 66 367
380 261 13 331 496 287 269 97 145 434 74 108 209 12 297 205 495 324 426 15 499 504 418 495 82 176 292 238 122 300 397 333 502 331 280 413 119 497 345 336 136 118 133 433 132 104 32 407 238 53 69 1 101 53 426 351 428 317 449 6 69 6 434 501 368 110 208 97 17 453 51 482 59 188 450 331 261 296 109 284 258 364 70 98 465 324 204 234 495 475 89 329 66 415 342 32 394 428 357 402 314 23 385 187 155 90 149 126 219 321 13 385 301 170 496 390 40 279 452 227 128 216 302 82 354 48 511 493
139 493 273 454 503 269 205 287 98 285 97 413 451 299 475 450 142 41 314 381 448 357 38 462 192 213 164 380 179 418 379 204 98 12 457 172 116 82 193 206 460 304 422 430 106 111 188 127 278 212 489 8 234 168 314 125 422 147 485 198 205 360 111 146 91 190 171 237 315 237 272 345 122 482 506 323 233 209 169 222 310 31 464 498 104 257 202 91 173 232 318 91 505 23 199 237 61 337 105 248 407 477 286 29 104 42 510 153 272 402 141 369 193 221 171 386 146 376 462 120 57 494 389 389 504 387 1 349
149 40 141 326 264 277 219 415 34 18 430 90 347 452 8 19 488 319 179 324 338 37 429 199 151 456 275 277 148 307 353 44 365 103 472 233 317 375 371 403 11 309 263 260 3 180 501 15 479 110 497 128 399 452 268 432 63 398 315 473 488 16 112 401 301 193 55 394 10 39 393 503 258 8 18 413 480 406 273 425 292 259 302 335 138 213 114 65 317 162 504 7 62 429 166 47 229 169 407 195 340 415 387 294 397 308 239 458 262 373 336 270 411 499 102 342 93 102 404 459 422 511 303 378 61 138 189 366
200 185 366 374 428 442 211 231 143 9 444 58 190 24 344 293 175 185 50 289 67 258 220 482 465 384 121 438 221 486 363 274 320 398 292 107 383 324 424 112 121 109 444 66 312 111 498 287 207 41 256 492 323 43 169 32 124 273 299 456 380 297 171 385 165 229 445 132 223 318 240 24 447 235 453 287 70 18 229 145 396 301 304 125 163 129 311 50 228 4 382 146 157 177 422 367 487 258 352 451 255 437 407 453 420 360 511 46 421 391 29 466 83 230 395 309 76 159 462 398 264 82 28 246 305 28 359 55
78 388 44 396 438 39 377 283 311 53 269 134 50 296 149 227 261 350 45 335 152 334 66 224 360 347 389 219 356 179 284 300 205 116 268 250 113 189 151 264 421 475 412 334 474 433 446 195 222 271 223 228 373 332 191 174 449 116 442 260 402 499 487 232 92 100 339 55 342 52 270 59 116 330 209 182 191 336 340 123 470 206 391 281 268 44 502 288 444 102 457 376 305 415 418 47 508 492 42 477 96 265 367 491 11 197 351 32 471 100 55 65 231 419 429 394 344 365 288 351 404 268 497 85 55 38 361 21
370 276 260 363 178 362 2 427 107 441 431 119 396 361 447 235 147 402 116 409 126 269 404 42 379 474 259 401 324 183 216 482 427 1 449 392 398 364 140 324 130 322 93 274 432 425 46 32 401 129 122 468 279 127 357 411 189 314 113 502 437 301 267 222 201 429 339 462 289 32 182 16 422 114 380 356 501 367 197 354 468 256 338 482 169 168 48 216 276 357 193 48 489 389 40 98 22 443 412 310 155 3 19 2 233 463 111 135 504 105 50 87 63 38 193 450 216 65 188 295 53 396 257 455 473 137 497 287
206 388 123 141 232 278 69 276 353 66 448 259 327 451 363 245 351 130 134 218 66 381 328 104 185 340 13 245 428 97 333 482 313 355 346 285 303 189 128 142 484 360 30 406 439 231 353 121 75 10 231 285 497 288 390 400 120 29 485 120 348 380 172 30 418 78 483 130 33 46 269 132 369 440 478 232 135 493 21 144 116 399 343 207 300 266 44 481 393 315 268 353 265 448 197 398 179 441 135 485 443 409 292 237 297 45 278 117 500 400 283 244 169 144 409 196 204 270 333 24 22 485 295 417 186 279 465 419
459 383 214 305 167 175 485 486 309 315 22 175 504 205 222 279 438 339 428 164 484 79 266 504 407 266 130 449 499 82 53 240 465 71 283 91 258 65 374 175 160 328 250 310 141 108 44 24 242 234 209 381 15 14 397 212 462 489 269 188 469 232 186 3 135 375 239 64 435 157 462 217 314 467 419 483 52 352 424 118 394 197 148 129 468 240 148 459 313 318 201 460 338 6 368 283 280 222 92 128 90 372 402 183 1 293 178 398 398 405 365 468 211 66 432 241 382 241 249 39 367 194 421 414 399 256 466 157
332 103 26 138 279 102 326 488 118 97 207 418 255 57 300 423 462 452 176 479 57 473 59 73 436 137 353 60 344 167 411 196 443 407 216 157 406 355 229 248 45 187 256 93 322 349 10 13 473 386 43 181 139 215 296 408 222 286 398 126 239 299 209 87 380 262 332 311 356 463 237 395 108 255 362 68 3 90 222 157 429 234 478 40 298 219 185 498 92 291 477 221 51 74 308 495 186 211 121 130 232 470 431 168 173 183 263 460 498 369 127 469 400 27 216 300 253 172 380 141 108 331 141 403 86 226 67 208
400 215 104 70 335 230 287 78 145 237 354 22 485 344 161 451 400 93 43 389 197 385 241 34 352 460 252 496 293 500 96 154 279 399 120 199 439 107 159 329 46 59 281 22 75 389 322 451 398 466 33 323 400 271 32 482 265 479 155 45 13 95 74 98 307 288 242 220 178 230 74 73 203 100 417 253 372 209 37 153 181 473 73 370 55 311 127 249 434 302 275 443 277 336 265 273 62 390 259 504 477 27 427 505 352 306 441 358 56 432 17 48 160 127 312 205 212 54 254 186 158 32 142 398 30 11 30 437
349 449 275 224 201 131 18 265 413 80 451 203 441 99 84 114 232 139 28 212 271 402 10 399 35 351 266 34 478 7 244 189 47 27 246 142 363 322 395 361 306 303 185 305 439 166 406 298 181 52 224 310 377 316 88 427 488 377 467 144 34 233 1 466 334 157 75 102 175 152 79 452 182 392 126 154 383 319 302 64 497 466 185 234 469 48 431 487 279 100 100 309 56 403 248 392 35 468 151 238 117 205 453 430 109 10 23 304 322 468 137 30 306 49 478 41 494 94 342 289 441 263 447 374 240 246 472 509
303 453 380 266 399 163 352 339 222 55 71 362 296 474 488 287 4 300 219 47 397 490 155 366 272 224 404 85 57 188 81 436 152 97 344 368 201 319 496 147 403 190 78 361 330 11 497 379 461 457 7 411 228 45 322 228 111 468 374 254 507 464 318 331 279 209 85 300 472 239 6 144 383 449 162 26 105 205 302 482 160 207 313 309 195 250 484 245 95 82 407 307 15 5 473 447 328 116 220 309 276 180 281 115 262 273 259 126 196 319 123 352 230 241 178 58 271 420 152 391 277 478 40 377 44 165 267 11
456 118 70 181 187 414 201 381 271 288 323 185 14 367 326 171 416 137 305 155 507 83 275 356 265 229 164 98 192 169 313 47 469 119 510 72 264 423 239 80 265 194 176 338 387 261 53 306 258 178 281 149 217 394 299 53 22 238 402 33 392 87 139 327 287 437 255 450 43 383 399 433 257 12 244 314 143 435 504 12 172 362 61 408 230 112 175 389 171 46 172 209 97 212 169 511 165 165 259 210 137 467 503 443 62 371 117 411 48 173 224 243 475 41 280 182 182 41 387 34 42 465 341 18 59 270 497 72
69 480 141 391 403 104 235 300 23 275 31 381 330 25 321 250 158 116 435 505 299 103 273 146 498 64 57 448 176 490 339 257 103 139 35 118 131 365 469 379 223 164 508 480 308 411 326 294 453 210 257 263 459 307 236 462 77 331 147 77 495 395 140 177 471 310 97 504 145 402 345 406 284 383 217 134 119 271 457 224 386 279 392 448 199 72 62 421 72 101 44 257 369 76 405 180 306 405 321 50 177 466 158 254 334 45 102 218 328 434 328 425 409 76 20 464 90 84 497 487 296 407 510 495 80 379 40 30
409 242 510 374 67 494 463 174 371 59 383 325 330 44 369 104 249 189 185 48 358 416 400 385 372 264 164 234 469 43 365 452 258 222 184 77 286 175 299 192 370 471 294 352 30 141 324 407 93 187 273 87 252 205 413 399 41 493 255 356 457 392 137 487 467 66 169 351 322 45 377 424 368 418 115 39 409 3 129 94 108 276 151 53 201 142 37 397 507 270 246 476 221 478 480 166 95 110 396 99 493 213 409 407 460 304 21 433 84 153 145 139 263 446 298 228 280 449 361 301 414 341 164 380 110 165 372 42
362 126 175 168 490 9 448 230 26 28 311 29 45 431 250 352 40 66 140 421 327 140 376 198 189 280 81 115 302 443 243 152 261 13 168 125 29 4 296 114 325 459 191 407 321 200 65 340 216 85 167 496 337 383 290 170 427 501 496 105 34 498 375 296 90 475 102 450 271 380 346 452 224 258 313 344 374 353 354 480 419 123 127 115 410 133 55 450 307 485 176 123 248 170 312 342 323 310 199 195 435 28 235 489 240 146 187 377 294 29 301 487 413 240 244 332 1 48 65 74 246 344 68 446 420 354 132 382
67 87 494 8 488 184 36 73 428 77 410 125 479 271 7 219 401 373 17 229 172 290 179 331 411 121 281 84 64 436 5 207 360 61 144 335 114 52 188 326 92 432 506 48 210 391 129 129 262 150 108 68 180 43 136 156 414 278 137 60 229 415 351 169 432 302 224 193 364 485 110 113 263 164 75 304 224 281 277 183 147 30 230 508 166 120 130 403 506 218 453 185 148 348 478 316 110 260 320 335 445 468 497 9 229 445 134 258 137 174 194 4 405 105 443 231 401 29 445 83 138 445 28 415 122 187 500 133
4 491 61 337 488 256 94 473 49 4 291 388 478 283 438 383 99 239 87 24 459 321 193 314 351 16 101 67 380 226 37 16 395 329 199 23 490 286 60 188 363 398 413 65 54 285 212 283 239 125 322 409 265 425 113 91 269 247 452 201 339 364 9 115 482 383 358 120 309 328 392 238 297 494 383 86 347 108 125 507 317 228 510 490 227 29 448 92 59 111 275 5 191 416 103 301 257 384 139 415 2 399 507 118 279 14 504 167 192 287 318 492 302 216 15 230 130 402 283 447 235 276 308 254 239 434 252 283
268 400 101 224 142 205 388 386 235 171 104 69 44 315 132 93 468 465 67 154 265 478 406 374 100 80 34 142 418 345 499 324 480 15 250 495 485 200 365 485 101 366 466 223 43 269 140 465 484 504 402 441 343 95 159 497 89 337 59 188 225 373 62 271 24 431 305 260 197 345 246 21 383 254 511 109 266 13 510 112 368 312 467 59 114 175 151 88 105 303 479 71 100 267 434 504 250 251 45 452 313 83 123 303 262 353 335 365 435 25 51 402 192 341 333 24 481 115 165 206 63 27 123 333 120 188 61 162
392 41 496 453 478 172 49 184 53 85 263 354 174 249 404 371 101 323 462 448 93 137 158 502 157 90 344 348 454 365 106 12 44 116 166 165 319 139 239 440 510 84 495 173 297 183 223 247 121 142 370 294 9 132 264 389 272 39 281 1 271 346 291 460 277 347 274 281 90 317 159 353 17 296 102 479 333 278 193 351 447 222 29 446 396 346 266 326 91 206 329 334 280 115 499 306 329 41 262 320 137 238 160 357 153 61 18 293 367 32 214 59 436 409 282 474 115 287 263 346 8 476 362 39 103 150 407 456
466 438 140 105 423 367 404 272 30 458 303 305 86 415 199 390 328 360 393 392 144 371 422 7 107 19 169 471 230 269 111 435 246 115 158 272 50 182 388 488 365 258 417 269 506 253 424 198 412 387 156 19 360 298 324 267 350 70 313 315 260 79 26 214 119 462 267 386 190 276 466 220 169 451 141 235 322 493 505 212 358 312 421 334 73 323 11 158 288 191 101 113 395 114 29 10 484 141 391 209 52 236 144 173 307 291 380 203 257 152 186 353 230 37 214 225 388 444 386 204 398 467 426 496 193 61 200 82
354 480 31 493 61 423 371 75 138 229 199 386 32 15 105 329 400 205 261 136 40 487 152 18 504 80 466 126 45 75 48 442 345 226 411 334 286 186 231 20 454 504 195 261 242 35 262 424 392 220 47 23 84 171 386 90 422 426 460 92 504 377 10 372 393 340 41 394 78 31 469 462 234 173 282 379 459 184 434 144 508 412 280 405 51 53 457 217 162 39 453 4 143 30 51 125 47 359 7 309 458 463 80 372 334 112 48 169 480 225 409 319 103 42 55 447 52 309 480 255 123 470 69 221 367 7 116 222
1 350 84 359 138 269 269 312 333 186 364 27 319 116 456 95 181 171 187 132 167 508 72 341 453 311 320 320 452 374 502 406 89 101 311 455 258 120 357 102 80 193 428 470 239 242 9 13 45 292 338 222 288 114 255 488 239 381 200 251 497 456 99 393 171 103 7 404 106 262 509 147 141 20 436 28 477 349 14 395 466 409 68 440 197 247 129 80 464 469 154 182 316 472 114 253 169 24 15 340 497 93 463 417 355 386 154 116 125 121 136 48 235 80 131 480 494 446 218 74 287 485 282 478 208 186 83 261
385 262 58 286 309 385 471 413 238 353 208 89 21 279 27 412 456 218 94 154 152 98 378 205 206 198 293 90 129 29 338 46 86 251 461 407 462 351 237 211 14 198 67 6 367 235 247 272 461 227 253 4 492 48 99 340 305 368 101 382 6 52 52 485 108 192 444 220 259 377 336 62 93 200 408 99 192 110 185 336 336 185 493 47 288 383 240 66 461 62 139 498 12 462 218 322 156 36 285 84 429 455 486 213 399 250 81 14 31 95 405 34 95 434 60 347 397 301 52 351 156 289 169 195 142 308 285 308
386 293 165 165 405 115 148 400 423 228 449 155 47 420 89 314 311 364 115 270 227 452 224 7 439 392 314 396 298 216 462 323 247 135 382 409 430 462 369 68 234 306 15 355 465 71 471 463 156 460 474 55 72 383 446 313 150 23 4 273 207 233 202 161 20 307 74 37 196 152 318 35 18 221 336 395 470 89 435 138 433 312 330 145 207 444 257 123 503 140 5 21 263 500 140 269 188 350 409 130 162 302 104 39 373 472 37 365 506 382 396 346 468 289 199 49 253 502 437 108 401 224 208 329 486 385 20 17
222 478 209 309 27 157 458 140 226 100 188 344 433 508 133 55 475 164 334 489 350 329 418 305 370 478 23 226 266 89 395 391 168 303 102 72 66 28 493 431 286 419 149 203 449 348 52 298 245 479 158 86 283 239 210 493 341 128 39 62 106 328 353 96 222 409 146 258 39 228 465 134 265 210 190 259 169 195 392 260 287 161 229 158 322 484 103 299 144 379 121 59 205 510 101 388 329 477 221 372 220 305 429 333 51 428 11 149 322 340 475 406 485 175 17 264 121 274 27 166 310 118 363 453 453 269 451 67
415 88 462 352 342 412 486 211 157 447 345 29 138 102 225 382 469 263 252 255 484 369 236 511 73 292 78 462 374 27 132 395 192 207 390 107 359 309 248 174 84 394 315 62 438 247 248 51 465 229 202 23 152 447 346 263 465 52 483 470 221 44 339 111 503 4 238 5 272 139 288 130 341 331 205 192 431 269 389 479 298 374 26 423 442 247 457 504 474 497 207 57 416 171 291 288 71 178 342 132 292 440 198 448 501 329 144 302 373 6 196 312 272 344 31 203 98 90 231 371 16 253 257 8 504 120 1 234
120 232 391 454 476 450 338 48 8 464 45 152 129 384 104 438 428 378 40 227 80 298 506 371 284 114 331 479 95 8 269 34 157 282 93 20 229 442 314 167 289 318 505 114 508 218 387 83 486 116 463 218 190 344 270 70 460 372 205 21 335 308 266 232 194 405 94 299 125 102 380 256 159 409 354 163 370 40 406 270 109 412 241 136 149 425 41 442 258 457 473 219 312 104 252 389 470 133 389 48 20 187 266 417 48 448 452 279 316 356 29 432 187 490 304 173 199 329 27 266 209 10 153 468 481 110 390 136
36 65 19 406 3 495 182 383 251 436 326 38 411 480 276 403 298 323 385 131 219 43 309 304 11 38 212 292 80 288 295 329 329 422 139 495 65 247 443 275 144 446 165 366 467 299 61 74 171 480 382 142 14 95 483 56 41 109 380 141 226 84 406 217 47 100 505 50 23 360 240 67 40 493 399 266 32 73 172 184 461 48 339 304 356 279 119 231 303 422 462 359 228 181 120 362 39 400 365 58 131 385 49 422 227 311 198 169 419 268 265 441 216 210 118 505 197 20 155 453 446 378 362 217 160 62 84 293
468 154 447 252 237 448 487 432 124 460 39 187 447 336 308 94 433 240 180 359 52 309 89 395 127 194 163 505 65 24 347 436 470 392 211 466 337 393 171 450 9 369 328 163 350 262 33 354 432 462 424 498 236 222 94 133 320 178 197 224 28 427 475 490 86 413 380 410 257 107 129 509 447 194 298 170 189 464 450 427 211 291 260 261 7 199 461 452 378 71 208 189 178 102 278 327 108 292 300 165 99 322 284 31 211 201 101 412 402 146 76 504 160 237 440 230 416 243 209 394 127 118 34 375 470 165 368 380
509 226 239 75 112 236 271 35 95 47 226 167 24 106 403 136 125 216 405 69 21 177 215 292 460 391 13 113 239 149 267 179 178 132 243 442 90 158 62 23 108 325 21 187 154 489 135 335 178 101 96 142 114 249 464 255 321 433 142 195 205 113 453 135 79 216 13 156 297 84 413 430 261 326 214 463 396 183 248 94 187 332 387 372 261 410 472 186 328 74 30 463 406 367 423 107 179 42 217 237 274 440 233 317 260 16 67 71 169 188 340 399 50 287 9 488 409 242 360 445 334 194 90 132 4 27 288 79
306 282 30 497 21 372 441 444 318 51 229 57 69 12 399 492 55 258 357 13 410 164 360 472 290 443 225 340 494 423 312 473 370 7 46 423 260 178 236 105 93 389 269 359 398 23 92 7 112 235 506 295 383 313 31 27 319 241 173 387 130 134 511 95 386 51 389 342 296 405 499 491 411 149 81 107 372 45 45 264 99 361 289 460 387 211 400 343 453 141 50 56 92 20 466 398 496 386 244 116 476 373 394 201 405 164 364 221 349 202 426 258 468 375 137 404 219 296 479 387 80 349 461 438 498 167 255 483
204 238 377 160 123 308 34 508 324 162 230 327 280 495 52 18 308 305 156 287 306 370 211 429 342 349 107 215 55 224 245 495 180 399 475 36 65 149 131 210 409 55 311 339 320 29 201 58 467 327 241 36 334 326 259 464 464 82 161 300 109 46 122 356 204 422 18 386 54 507 448 327 70 451 418 8 329 258 12 23 374 396 193 309 210 390 189 231 240 189 298 289 225 441 42 7 402 436 444 213 53 489 66 432 9 123 464 263 460 271 266 257 72 244 135 119 269 483 100 358 499 376 103 32 421 58 490 225
417 374 1 452 74 292 250 408 374 28 245 203 344 280 88 331 184 461 139 7 78 275 426 360 38 109 120 94 335 339 296 206 473 456 275 385 279 284 476 409 188 370 64 509 385 218 378 124 118 364 406 359 389 424 352 403 217 157 459 482 264 143 85 365 361 283 32 51 205 339 164 4 505 175 457 301 252 44 156 14 12 156 172 466 384 504 53 469 72 248 194 305 269 219 188 417 319 229 246 15 49 249 429 379 509 307 102 430 403 257 334 311 321 60 295 453 36 129 58 39 148 191 173 425 207 251 249 147
284 468 456 73 146 81 106 120 42 112 354 399 158 147 17 3 28 39 280 128 462 74 387 95 274 319 411 476 111 270 79 369 368 173 315 443 499 288 470 322 16 135 132 426 417 198 82 194 409 62 213 116 194 322 113 299 409 302 209 249 456 314 430 279 433 131 263 398 168 504 304 4 44 50 137 42 507 80 31 224 310 460 341 502 380 46 414 19 271 452 90 81 17 147 437 471 398 320 196 236 62 494 173 144 343 266 79 313 43 454 325 304 506 333 29 239 334 32 279 144 452 126 440 460 382 265 295 450
425 474 35 85 331 111 241 102 39 480 126 483 300 321 351 435 40 177 267 67 121 344 154 280 214 41 231 62 422 443 148 442 241 337 64 94 24 62 463 493 181 316 12 234 162 267 431 317 252 247 204 481 349 4 309 56 123 145 208 424 511 305 302 61 454 197 475 75 315 301 388 510 120 266 50 334 292 202 101 292 465 194 234 497 264 8 15 258 278 347 118 299 87 231 326 466 443 128 205 319 259 473 20 244 171 181 129 424 28 131 322 122 89 43 484 197 99 490 301 147 457 305 83 79 193 227 361 74
60 451 367 387 140 275 7 227 350 321 327 324 218 136 3 105 358 250 510 481 473 61 375 359 434 38 240 323 278 332 273 217 165 289 405 183 434 324 361 2 418 124 223 270 424 482 241 498 443 187 173 279 207 311 446 342 251 462 340 347 357 479 30 77 49 465 430 499 357 77 340 23 46 312 403 200 476 112 114 424 494 400 447 470 143 209 14 213 354 429 397 461 160 146 484 291 453 457 238 76 283 323 492 338 366 119 341 397 106 59 448 376 28 162 252 179 81 474 4 29 60 167 461 432 299 416 314 165
418 507 375 478 499 496 23 83 275 90 38 456 429 252 52 83 51 81 238 278 167 26 431 241 329 318 312 255 435 317 19 56 415 356 349 381 416 211 166 143 178 138 32 504 288 142 191 149 270 11 342 119 264 18 76 352 389 115 247 2 294 138 287 196 170 445 182 484 26 295 424 390 135 384 174 497 420 292 81 176 224 188 175 319 452 242 157 413 95 457 372 442 376 365 449 274 497 17 371 14 469 33 238 191 346 485 81 169 53 442 429 427 20 190 278 404 172 396 44 69 409 450 328 200 463 200 60 371
150 329 364 71 131 458 309 324 485 425 249 208 92 488 427 432 375 425 255 415 242 495 382 309 42 375 387 487 112 209 249 90 340 379 180 80 192 200 150 204 141 341 26 349 431 470 267 325 213 251 478 162 275 115 151 409 483 397 98 290 173 41 106 222 482 86 412 72 502 100 289 108 301 212 288 410 193 80 437 504 322 373 470 133 315 393 315 101 175 197 322 372 466 198 270 157 383 404 326 448 144 259 33 228 510 47 205 487 143 163 468 216 132 412 169 37 124 156 296 350 93 132 45 282 463 213 318 284
290 160 486 105 189 347 110 97 136 486 128 12 113 293 494 129 327 338 301 265 249 93 363 21 63 174 153 395 11 394 438 266 386 433 117 321 442 311 122 75 487 227 168 425 192 132 506 309 310 251 348 399 9 169 155 392 505 468 249 85 164 307 188 15 351 130 74 284 477 171 340 316 126 131 242 304 504 350 304 136 511 77 454 279 189 202 401 146 125 214 433 487 370 436 419 130 231 137 261 406 271 190 273 98 455 200 96 442 10 61 279 241 392 14 273 386 45 172 34 302 366 111 311 101 498 179 234 390
129 331 41 160 364 295 57 473 159 108 441 219 428 305 403 470 196 316 78 294 335 99 94 470 128 481 144 51 225 299 40 415 255 493 425 247 361 371 236 361 454 441 289 331 112 132 25 399 379 66 429 254 342 435 431 46 320 394 299 218 6 191 37 308 82 113 174 359 311 303 76 415 433 440 142 38 3 344 282 314 279 21 229 388 374 388 92 243 262 443 441 309 298 210 454 334 501 276 174 3 383 129 184 283 487 94 333 34 328 377 362 508 434 475 380 278 403 88 278 26 162 361 226 196 172 317 203 419
125 286 465 145 282 171 350 141 30 236 184 403 460 250 370 212 415 479 237 493 299 84 79 334 101 274 421 351 132 236 333 309 248 86 377 9 84 364 444 326 505 267 104 23 227 168 455 391 348 511 107 457 326 145 242 118 161 478 438 53 186 457 451 389 436 176 74 122 261 510 265 51 17 482 63 116 336 398 263 464 250 74 358 482 447 390 299 147 480 357 19 81 40 278 440 339 458 165 197 185 286 258 61 234 504 287 297 87 51 121 180 301 380 73 270 322 115 18 498 269 382 79 61 64 419 194 130 48
327 130 60 388 172 160 41 493 188 373 457 98 388 57 112 506 368 27 158 444 85 163 192 353 430 451 95 138 353 67 418 271 349 37 232 352 335 134 67 76 445 51 418 312 28 44 260 447 318 40 413 370 57 480 12 287 35 283 80 123 30 466 226 286 278 123 450 452 263 273 334 502 493 242 91 87 5 508 64 107 422 361 172 296 64 383 307 194 227 339 272 427 258 400 87 42 65 17 24 92 57 187 4 442 110 497 214 419 70 205 44 321 210 156 486 232 124 350 149 100 260 420 161 261 287 15 126 271
443 276 301 444 100 182 47 486 431 288 238 377 241 34 55 250 206 377 385 35 58 342 191 377 381 413 79 48 108 154 494 43 80 382 348 413 314 304 94 464 44 393 177 284 152 33 64 69 296 372 266 507 377 502 346 178 395 347 321 143 445 433 25 23 303 502 18 433 63 255 241 325 298 507 379 253 197 74 87 217 181 272 283 462 501 212 201 172 244 305 359 383 293 23 291 359 407 304 22 432 396 382 56 411 263 499 504 336 263 26 425 146 400 501 363 122 442 459 440 331 433 254 15 279 105 322 436 159
35 71 117 421 62 135 186 79 355 449 187 353 101 80 379 58 157 313 492 77 436 124 279 281 314 14 511 451 349 463 376 86 378 140 429 295 469 116 497 100 8 166 499 213 255 490 499 190 176 387 89 222 323 435 110 365 226 457 233 220 357 179 174 183 375 381 165 482 426 19 62 382 128 434 493 92 14 309 357 66 8 307 144 427 225 508 348 144 133 70 191 242 17 425 24 312 162 294 111 25 307 207 90 489 47 417 251 502 179 398 305 138 86 403 148 156 73 463 175 37 129 450 257 151 226 504 6 123
186 420 314 283 505 337 42 378 96 70 426 393 251 59 492 185 226 336 356 377 237 489 165 510 203 323 297 300 416 34 141 463 236 150 336 172 483 33 124 221 126 419 308 308 336 403 201 389 468 15 28 121 236 260 299 16 65 480 393 48 358 72 294 309 186 103 468 235 249 376 230 215 240 400 76 188 454 129 423 234 227 284 12 450 366 245 216 119 316 78 484 30 186 495 141 241 139 353 169 218 345 292 169 435 236 281 240 93 30 305 26 29 393 29 171 91 499 280 332 344 51 133 277 348 209 506 409 409
482 25 206 257 10 102 36 392 134 307 335 45 18 349 145 189 185 341 26 205 438 100 275 426 333 117 231 214 279 161 277 427 285 423 336 473 323 118 225 379 125 196 328 23 100 110 275 225 201 351 206 369 49 366 161 268 389 338 164 101 174 237 400 474 414 180 161 216 399 203 415 111 130 471 136 157 272 201 302 3 52 100 287 345 510 393 483 399 20 405 369 501 335 245 441 23 163 491 285 158 54 71 198 321 182 42 37 440 129 178 196 370 194 506 249 41 184 349 355 91 292 465 279 195 463 420 272 472
304 470 241 147 53 180 429 415 287 382 51 422 252 224 80 23 351 486 39 297 461 312 146 152 130 233 376 292 183 34 217 217 361 391 400 239 193 443 242 299 172 231 409 59 124 51 197 426 38 213 459 14 37 468 242 250 90 331 82 195 255 233 471 373 389 235 28 300 257 110 209 403 462 398 276 246 417 115 180 461 293 127 144 134 490 160 291 427 213 373 478 224 135 509 316 407 481 19 96 465 248 4 351 420 280 172 107 375 185 334 29 126 254 250 98 450 445 114 247 255 126 369 475 100 236 230 427 471
485 85 237 280 302 158 267 216 173 223 202 192 142 51 158 454 445 432 420 108 434 262 427 340 190 150 27 368 473 468 377 82 271 490 374 303 175 223 17 251 454 391 283 179 334 94 443 494 106 340 200 452 290 245 208 471 369 143 348 78 192 431 190 112 133 83 172 325 389 172 58 418 413 73 354 69 295 426 427 147 183 282 261 332 361 341 416 388 282 130 31 20 311 377 466 501 267 346 96 112 502 33 504 203 14 41 293 174 441 14 269 247 327 295 210 98 485 465 162 425 317 129 51 355 412 348 238 434
111 409 132 292 1 403 304 217 29 418 471 444 232 190 427 90 497 479 397 91 30 32 112 17 294 431 298 453 105 211 364 459 115 99 405 458 202 224 430 33 511 226 315 13 171 284 44 126 505 158 73 315 235 41 293 160 388 272 215 460 388 464 271 405 188 88 339 492 74 132 29 268 352 261 73 223 180 475 132 58 74 78 355 354 69 56 418 195 53 97 282 353 357 296 255 135 392 485 448 424 92 373 429 407 355 139 350 188 87 247 131 134 506 350 39 279 354 334 297 18 327 251 460 314 87 342 201 466
358 281 180 354 260 23 274 485 423 273 233 277 356 213 70 448 91 232 147 438 426 493 1 186 285 9 470 481 219 307 149 365 256 332 422 251 118 322 300 460 470 326 247 79 216 442 312 177 299 509 303 96 71 140 209 452 2 99 46 252 23 141 65 500 109 254 89 120 213 379 186 383 331 373 84 56 174 153 228 363 247 299 92 339 357 18 383 19 120 181 36 285 215 44 456 293 127 323 165 140 366 388 96 95 207 308 143 146 333 468 51 422 211 505 426 444 311 341 358 21 1 460 505 118 461 490 439 403
70 101 302 157 19 435 400 304 295 134 146 195 109 24 119 320 236 53 25 62 126 382 340 225 347 148 371 4 14 321 188 356 440 117 326 271 93 319 364 471 317 15 494 49 352 333 446 381 293 257 318 83 328 308 406 484 383 465 164 454 321 246 65 71 500 155 297 7 200 3 307 1 218 290 293 21 50 124 83 34 423 313 25 419 472 397 270 255 22 412 219 401 174 184 432 269 283 301 109 462 445 272 280 358 248 185 351 144 443 315 142 472 181 231 500 498 337 466 324 143 265 268 320 115 377 279 324 61
270 157 503 256 49 315 135 51 114 298 100 360 153 466 204 491 111 318 507 17 203 66 479 83 503 209 466 139 152 23 284 292 66 36 426 173 12 239 193 291 71 156 439 365 51 431 322 449 346 507 209 508 242 30 306 87 156 133 243 371 498 258 458 465 44 364 53 400 62 186 118 149 133 438 202 156 415 465 249 415 389 169 308 90 498 349 111 230 431 129 221 424 216 457 351 311 288 105 243 321 92 35 169 485 277 424 111 306 242 447 203 171 443 423 416 123 389 323 27 487 361 360 87 324 148 366 339 507
75 503 280 168 463 24 124 303 274 317 410 391 205 89 247 293 490 227 362 233 286 381 442 359 400 88 83 72 202 508 332 40 26 319 92 429 367 276 337 462 148 265 325 110 453 378 384 51 395 168 29 449 335 65 407 138 491 207 432 431 79 204 201 504 234 474 346 275 32 263 382 130 276 404 483 356 302 193 468 339 318 318 372 467 134 107 387 337 225 92 447 55 302 23 85 118 261 257 18 102 139 263 305 204 494 103 56 35 399 383 499 505 168 260 324 333 427 292 106 311 57 287 382 412 121 127 161 199
451 351 21 469 153 290 150 404 498 122 484 357 12 266 502 233 367 146 346 506 357 301 353 188 376 202 133 378 88 488 234 429 276 424 438 85 427 228 239 76 480 459 154 28 447 321 422 236 421 98 35 487 142 483 250 368 224 366 84 287 448 503 327 271 6 446 400 149 395 109 367 271 453 381 482 182 63 476 35 394 212 39 314 365 237 62 240 235 76 76 369 48 126 408 57 44 91 57 199 410 121 240 410 185 321 135 362 432 218 171 132 280 145 217 135 123 472 410 466 244 186 172 17 290 10 146 304 447
238 3 260 434 372 43 318 365 297 287 299 90 196 444 109 497 374 338 289 107 265 77 269 59 478 142 387 218 311 87 381 261 477 120 329 20 508 334 191 331 31 283 364 272 276 101 264 189 306 79 134 46 254 152 89 348 11 441 290 409 295 68 348 406 139 81 220 317 300 121 316 89 442 193 55 257 164 264 154 200 457 477 417 402 391 308 183 363 367 253 279 415 6 385 297 297 247 384 209 409 107 323 443 415 121 315 203 289 264 285 66 510 329 465 447 364 168 75 220 276 254 344 7 276 439 96 238 215
336 463 2 137 461 144 471 354 223 479 356 182 262 204 413 86 480 40 488 110 376 305 370 187 367 36 243 460 441 175 301 129 163 240 61 458 398 255 333 486 488 5 505 265 241 161 160 126 337 244 348 479 252 457 94 241 274 365 344 150 467 92 442 408 284 482 12 44 440 215 53 239 501 50 505 243 1 162 80 456 102 495 143 47 465 6 76 44 196 315 277 194 499 148 113 416 488 126 250 160 147 107 125 434 180 242 233 322 351 35 494 451 219 27 463 111 306 255 268 148 289 99 502 144 74 491 291 461
