458 47 121 201 459 425 77 461 8 71 319 149 46 459 247 130 57 370 195 496 245 198 15 43 439 432 62 155 91 237 487 326 454 393 94 145 180 271 383 17 287 91 459 15 492 321 262 437 184 498 496 357 237 399 305 147 444 54 456 270 347 253 283 502 222 123 487 30 307 301 418 10 416 393 24 305 87 211 477 347 137 348 427 471 442 296 314 74 457 421 37 169 431 382 143 477 110 16 81 244 386 114 250 161 333 18 431 266 286 471 478 38 249 338 276 301 271 297 481 24 114 292 61 225 280 143 50 318
236 274 447 358 77 375 113 361 453 211 158 423 12 116 272 309 229 410 96 305 326 3 504 326 107 118 103 273 165 109 334 480 65 40 251 449 347 425 478 200 274 80 232 334 190 20 46 369 371 437 79 11 323 370 96 206 201 334 404 414 218 288 407 43 385 485 418 55 263 382 89 328 336 209 178 5 20 484 339 86 284 3 97 242 200 321 127 336 437 472 306 80 279 338 419 259 95 390 393 439 338 421 393 327 409 125 28 182 241 405 247 484 467 129 184 124 203 36 270 123 477 179 250 74 138 100 252 379
395 110 82 361 42 280 488 261 377 262 388 477 34 268 480 181 490 196 292 159 458 214 119 288 24 176 484 11 490 127 165 305 138 6 43 256 502 242 336 91 187 294 430 479 65 511 395 328 384 115 113 264 442 454 212 287 429 28 347 359 447 230 133 95 41 428 304 199 469 468 278 470 170 445 511 414 430 330 315 327 304 362 474 169 18 282 124 231 366 359 226 461 374 140 371 215 363 500 14 26 81 182 329 223 47 23 352 214 292 156 95 216 242 62 387 85 469 180 6 262 250 277 511 439 346 491 444 294
30 487 316 459 70 341 37 186 189 165 462 409 289 464 190 373 481 340 246 452 104 299 34 286 479 400 154 396 287 18 118 186 338 263 170 29 342 249 138 506 165 434 215 168 126 243 216 94 366 333 399 376 26 96 104 498 151 303 94 269 306 302 265 8 243 290 406 462 145 433 305 274 303 29 12 505 199 72 323 151 56 474 22 435 461 5 226 180 66 478 441 196 358 88 306 225 27 419 31 490 276 225 169 404 53 406 9 268 77 385 83 473 497 41 250 473 34 84 347 451 353 453 159 36 472 360 27 91
178 152 68 441 327 168 129 254 459 44 262 8 132 259 380 463 460 153 292 44 106 89 281 272 250 308 164 262 479 117 237 94 158 129 343 493 445 17 425 128 446 58 215 111 277 423 239 433 474 38 186 290 478 498 317 355 419 10 446 229 27 252 413 180 480 126 392 146 222 176 439 425 471 313 300 228 356 323 61 403 46 22 58 385 117 371 403 303 277 40 251 453 120 489 24 438 230 241 1 192 151 506 509 319 320 301 220 223 300 125 329 188 509 329 332 281 91 259 149 102 282 478 343 194 345 94 354 306
448 471 110 202 232 146 140 252 449 486 43 205 364 277 224 295 332 377 45 281 319 213 209 463 70 118 333 216 410 463 46 45 333 147 320 19 12 43 463 51 345 406 248 131 464 511 340 207 443 117 51 300 244 177 230 156 255 98 156 38 15 157 34 8 76 120 486 113 42 421 327 243 376 431 324 276 505 478 86 453 200 178 385 346 166 425 50 415 60 51 104 142 130 441 140 435 64 50 197 56 483 209 335 459 234 223 355 15 88 448 380 71 318 253 11 468 436 446 375 254 177 386 41 472 326 24 180 320
473 61 377 157 17 250 315 169 340 357 35 135 118 153 387 290 489 118 130 363 294 144 397 61 193 82 357 253 268 251 176 400 242 448 382 82 71 363 186 60 490 317 244 484 400 186 290 9 220 109 421 296 283 314 332 144 6 287 95 476 66 443 270 509 103 466 80 391 407 96 109 93 225 92 215 500 127 231 71 53 384 336 210 351 505 511 227 212 117 476 60 484 293 429 381 103 14 242 363 137 103 65 144 85 191 193 188 425 497 127 123 122 235 10 422 89 169 7 99 381 358 264 313 47 168 468 318 309
445 372 440 332 78 264 469 370 340 206 453 362 415 349 281 58 234 375 390 276 160 194 480 234 242 425 286 382 460 369 472 239 439 172 338 287 511 117 445 77 208 123 341 56 414 28 414 341 28 323 425 271 18 181 216 400 409 455 88 223 477 311 379 502 496 135 179 218 413 103 426 14 169 494 45 279 201 338 240 150 449 295 228 29 281 197 154 268 253 39 42 416 179 221 45 478 31 449 3 413 421 98 355 489 390 77 54 361 458 96 495 405 232 242 45 449 219 511 488 491 349 446 89 335 356 421 491 143
79 333 193 330 136 312 174 34 456 133 313 25 249 323 196 193 55 247 251 238 306 96 208 110 441 444 356 434 243 268 90 241 464 224 462 304 442 225 309 441 328 353 162 33 141 351 371 80 110 61 34 493 136 46 330 267 201 211 176 102 278 411 47 341 70 295 397 88 339 444 411 448 66 354 31 407 466 271 17 218 79 54 247 498 138 471 501 371 213 469 350 190 177 23 192 107 280 275 76 111 162 330 213 448 240 258 433 329 427 240 144 489 320 231 42 125 363 458 302 382 284 95 441 141 493 216 423 127
264 251 144 260 225 370 403 377 405 270 139 24 468 304 494 297 481 408 215 316 327 148 105 480 158 360 453 458 168 405 143 145 169 207 511 424 423 477 84 46 170 52 326 209 7 375 31 495 160 188 263 411 269 217 451 412 461 426 289 251 173 344 344 166 407 241 437 308 321 91 138 464 262 222 466 21 154 320 249 43 183 46 406 468 210 247 356 122 382 411 270 360 470 244 299 450 344 57 45 432 493 480 64 421 98 446 148 345 271 294 162 287 167 509 266 152 379 506 92 403 113 425 413 297 471 218 487 51
358 11 371 389 189 172 121 47 264 78 271 50 221 173 276 209 480 155 476 356 82 333 236 301 2 135 227 139 309 57 9 287 279 366 436 44 22 492 353 218 109 474 304 346 453 491 223 174 318 459 201 147 110 450 380 198 308 464 187 340 119 70 311 55 309 409 326 325 479 425 291 175 155 129 235 383 332 363 445 370 220 372 375 368 162 225 123 106 415 270 251 169 240 185 174 376 375 324 497 303 385 326 373 1 217 348 3 283 170 484 18 396 235 473 323 314 29 272 141 79 481 13 199 348 199 355 294 492
52 377 437 100 361 426 25 148 104 11 78 54 215 465 195 342 33 193 195 161 504 462 290 216 141 152 274 62 69 282 323 159 60 53 99 336 151 11 87 471 104 180 457 6 322 144 241 320 336 371 101 138 507 469 417 169 219 59 224 303 441 507 353 208 199 232 330 32 28 311 462 235 34 192 167 413 72 144 251 455 114 315 402 98 97 231 316 178 122 63 263 351 36 438 246 490 164 362 214 322 98 439 157 31 134 225 26 379 285 179 340 303 200 393 394 230 180 40 376 352 501 365 231 379 248 19 1 261
333 129 337 331 258 188 201 208 42 453 183 396 167 426 318 406 350 277 108 190 409 451 114 116 468 145 238 381 197 102 367 412 141 150 432 67 452 495 285 343 368 278 300 187 286 126 226 475 102 295 298 167 469 479 206 13 434 257 336 86 50 494 505 103 172 142 155 468 92 34 192 364 69 292 36 63 264 215 238 360 295 438 495 319 300 290 206 9 505 298 393 42 94 430 402 182 286 119 162 251 181 51 16 316 245 465 339 379 161 297 464 174 359 161 111 112 76 124 180 286 491 124 306 262 2 284 115 188
446 261 268 445 8 443 294 94 255 44 89 448 466 58 236 461 401 183 280 417 287 226 149 452 215 355 452 161 469 357 477 340 407 345 177 139 368 249 377 169 460 131 149 245 255 39 53 180 447 101 284 454 82 278 436 493 341 261 113 104 351 270 99 460 493 157 438 350 186 211 296 358 305 167 6 36 260 48 113 199 299 364 16 290 152 443 309 15 377 409 364 505 377 16 154 496 147 189 327 107 143 210 329 75 109 340 179 122 24 439 175 426 329 146 417 151 410 265 428 239 344 128 324 464 278 7 111 56
277 474 379 126 78 254 348 157 491 374 166 188 329 154 340 215 356 497 138 204 24 331 462 4 9 428 53 356 49 120 27 424 403 122 150 109 386 24 509 273 417 215 393 149 339 419 316 338 456 200 49 291 390 231 61 228 338 34 142 468 190 173 180 240 308 327 171 14 337 262 60 227 248 300 154 328 378 256 453 87 427 350 393 313 375 20 13 300 338 93 496 2 112 186 284 417 499 268 431 250 377 289 374 132 428 284 110 313 134 140 383 341 175 78 292 81 318 5 37 307 307 484 224 499 356 137 161 212
117 488 361 333 168 135 123 449 499 216 3 85 240 17 465 443 200 341 248 320 63 262 7 177 172 511 154 9 418 86 499 385 151 479 309 70 289 145 105 242 385 390 412 6 504 430 470 467 81 80 141 339 400 185 3 435 38 373 7 8 430 320 158 9 222 377 374 73 104 346 377 253 487 295 98 469 302 48 295 353 253 23 483 303 415 130 299 275 489 326 406 132 162 191 120 190 263 68 117 318 3 120 439 272 347 354 118 108 104 242 250 441 447 136 451 496 467 107 361 428 422 438 273 195 66 76 211 303
252 385 247 47 169 33 57 181 71 217 410 270 123 399 24 234 398 503 390 324 317 183 171 90 486 308 319 221 223 422 287 140 183 362 397 83 484 34 356 99 481 494 50 418 201 280 194 205 484 292 376 307 52 439 165 335 67 199 239 436 112 166 421 149 403 374 247 165 249 57 3 248 54 67 377 245 320 120 424 310 59 84 398 89 506 466 47 156 49 79 133 131 138 61 50 221 66 246 192 378 221 112 62 57 326 327 476 445 258 496 146 78 218 464 209 144 229 129 89 302 490 389 266 203 240 338 495 472
304 298 6 164 474 42 205 150 432 158 511 278 246 29 476 16 478 87 466 467 308 413 289 348 246 189 400 362 3 69 163 350 250 508 422 336 86 67 256 25 510 451 123 133 224 55 246 301 312 120 48 259 415 287 367 182 40 101 252 459 161 207 440 173 52 232 112 433 453 175 125 167 504 138 179 204 36 220 299 137 45 221 162 353 308 116 320 80 362 369 117 50 462 482 243 511 387 223 104 87 310 315 440 250 141 231 188 1 319 413 368 493 493 391 432 201 226 380 240 21 235 458 112 274 489 159 100 25
301 323 41 163 190 233 400 63 283 427 436 184 344 61 394 369 21 143 283 370 47 422 348 114 153 328 263 286 150 94 200 121 92 160 104 108 420 268 311 421 443 441 32 423 341 255 110 368 27 145 73 356 326 236 428 54 72 379 358 270 418 458 301 424 206 140 107 6 88 496 388 277 469 39 141 210 347 102 322 108 35 244 374 76 176 65 226 425 130 418 161 156 152 456 211 2 73 187 193 148 244 492 161 105 365 29 286 374 284 508 479 468 361 229 455 347 306 406 448 177 359 270 409 496 361 205 94 357
488 435 71 298 444 327 68 249 303 43 230 218 405 113 269 139 412 111 291 487 125 291 175 20 389 489 51 96 128 43 32 415 405 235 332 343 356 449 206 438 99 233 59 433 297 62 56 134 300 494 148 160 283 276 110 485 58 5 301 242 504 206 510 289 211 345 477 425 100 166 70 400 27 324 269 429 109 475 495 62 235 477 312 64 73 184 187 128 123 86 300 22 186 49 151 141 450 484 137 433 165 455 485 383 363 313 51 85 357 89 362 140 172 381 36 205 468 428 225 70 369 232 120 379 429 124 44 475
148 377 286 202 117 463 87 242 163 503 71 135 57 48 184 29 221 392 388 67 226 2 156 452 191 186 480 471 475 144 386 486 59 174 259 254 103 434 6 213 224 89 395 427 119 214 49 318 80 29 461 61 218 505 2 423 163 34 130 444 149 311 199 204 392 426 386 104 50 502 312 165 52 491 157 303 483 116 147 347 196 383 11 410 33 487 376 200 244 277 41 340 278 82 15 25 242 231 442 355 270 230 495 327 294 78 240 218 336 152 295 447 157 406 126 321 4 278 153 501 388 291 79 464 137 201 112 348
443 129 351 225 323 348 43 454 4 193 224 381 4 110 283 209 412 306 489 15 503 155 117 434 3 251 43 195 135 466 509 212 104 262 93 460 108 466 51 375 164 290 495 223 311 237 347 298 135 384 222 132 106 59 511 322 307 443 181 218 225 168 116 471 310 349 368 132 206 443 363 225 48 439 34 72 30 181 152 124 346 181 234 67 339 66 165 210 317 462 377 353 503 361 316 394 219 265 133 349 501 320 362 350 495 235 452 291 291 315 335 233 388 8 377 216 132 465 197 220 137 202 7 26 67 265 19 143
102 461 253 382 3 173 117 347 106 152 141 397 438 40 325 408 9 404 402 251 422 55 165 505 1 329 126 481 29 421 68 277 422 345 386 466 263 142 42 373 382 463 6 62 417 383 138 122 218 295 489 63 302 500 72 167 67 237 298 235 66 404 283 156 359 491 503 51 290 396 304 121 342 277 45 442 80 122 340 97 429 386 90 5 175 412 282 214 256 133 1 440 482 249 338 101 56 477 185 43 125 480 396 171 32 388 130 256 233 217 148 327 323 230 194 59 419 212 211 37 172 84 341 42 80 63 366 102
63 254 416 438 8 273 349 211 411 243 54 118 60 470 213 92 309 39 357 162 182 271 289 166 464 456 286 268 18 167 38 509 21 408 298 239 123 242 503 230 149 292 326 90 428 51 474 159 271 474 352 365 77 337 343 173 121 345 391 25 187 111 309 226 115 329 467 157 213 488 367 261 387 216 340 451 255 165 315 468 480 19 334 50 175 241 49 62 221 369 175 209 466 247 55 36 432 328 220 196 84 59 251 50 37 258 84 85 386 330 349 45 20 336 144 471 180 435 324 176 500 273 98 433 437 358 349 203
206 476 464 95 232 450 223 38 144 58 39 353 492 357 123 399 462 150 320 186 245 125 43 216 194 225 431 359 70 468 206 322 501 496 347 283 37 214 472 149 459 491 72 159 75 284 459 509 184 187 351 55 8 483 315 400 477 377 361 426 454 197 396 292 267 475 489 424 218 186 142 380 458 171 302 247 373 254 245 493 1 440 168 206 495 318 76 255 173 493 456 13 288 38 457 151 172 266 243 206 484 232 219 238 175 446 312 462 432 461 334 342 334 405 108 216 334 376 287 64 321 361 353 481 346 483 152 136
252 387 428 112 41 129 279 488 496 505 50 128 212 37 209 296 172 484 90 213 400 86 134 295 196 318 436 456 303 235 81 425 468 322 407 400 272 156 328 454 253 412 410 269 430 189 273 360 163 14 78 368 300 17 199 475 459 66 232 164 21 277 48 210 12 350 382 254 361 270 463 45 440 440 245 154 471 420 310 377 41 412 24 321 197 430 155 279 141 109 443 254 216 480 367 205 270 28 379 164 317 442 376 4 420 51 21 434 329 505 217 128 508 275 18 93 403 43 58 455 40 79 80 146 50 427 444 456
263 506 5 507 283 251 121 46 249 290 464 405 97 380 432 274 148 46 188 334 116 115 411 392 438 119 287 79 274 405 210 100 314 176 301 135 42 437 159 68 440 261 105 481 339 421 437 256 494 103 209 401 231 410 277 278 243 380 7 227 351 110 409 202 379 352 383 254 109 467 346 389 5 90 258 195 57 223 254 347 64 159 212 303 394 113 44 403 463 237 319 331 138 424 39 26 391 260 393 425 121 421 294 16 219 321 97 508 503 361 275 391 482 27 258 220 83 392 384 456 51 63 405 216 135 372 180 145
289 59 399 366 383 166 462 54 460 41 279 187 406 189 459 333 444 105 32 417 93 376 501 270 225 490 358 475 477 429 420 511 69 42 291 250 85 65 378 158 314 165 214 461 393 170 435 196 31 330 185 413 292 21 132 340 30 139 207 285 257 169 389 145 105 47 114 448 369 315 461 35 189 470 11 88 272 118 405 338 55 140 276 358 360 196 132 304 85 67 285 113 255 76 183 332 1 395 246 23 495 273 409 257 147 291 8 265 37 467 293 45 434 49 52 354 153 461 75 235 302 37 506 154 353 290 180 135
42 218 299 103 440 133 219 31 384 276 459 376 439 223 417 276 217 3 142 134 134 73 508 279 11 387 80 141 135 278 43 435 82 501 13 254 389 144 356 367 491 190 102 7 90 226 110 1 110 354 325 323 290 275 259 240 142 377 90 504 307 82 18 340 175 258 354 48 360 347 116 198 326 414 194 289 86 423 182 407 373 207 475 156 14 499 244 192 164 232 55 95 120 163 406 345 291 406 130 65 195 385 258 106 459 122 62 278 455 240 176 141 263 257 303 443 186 484 80 116 314 339 24 434 441 333 408 382
13 172 158 280 485 415 4 214 256 327 219 475 33 282 290 205 146 450 138 179 187 80 16 374 226 488 64 464 340 435 497 286 98 445 279 488 302 386 477 311 460 116 73 246 282 444 166 32 117 292 237 189 436 281 215 344 394 117 172 45 452 137 285 5 66 150 151 371 373 30 24 232 374 31 22 315 443 310 224 400 104 227 144 427 72 113 422 37 307 66 475 367 493 261 101 471 508 168 340 290 309 399 461 343 95 176 466 301 159 114 471 402 280 209 177 358 272 401 145 314 416 87 44 167 457 128 152 181
475 56 353 354 294 28 452 119 40 250 172 401 1 85 197 98 373 358 264 256 494 295 50 435 267 451 83 453 52 221 359 13 475 263 187 226 438 142 349 2 193 147 145 323 382 350 327 398 454 440 307 234 383 177 154 405 111 265 128 291 12 278 373 349 388 34 375 424 125 143 154 464 80 506 248 126 469 159 44 199 267 226 418 364 333 121 223 83 279 360 128 209 479 100 370 11 230 357 303 19 261 5 488 167 237 337 482 109 21 30 425 61 90 75 59 375 290 371 487 449 126 206 125 438 21 471 139 209
137 262 453 223 451 174 429 127 413 471 433 51 23 329 164 178 434 19 243 4 20 448 74 427 451 81 306 31 197 77 101 501 217 365 344 99 340 268 193 125 479 94 387 370 73 168 224 221 12 355 161 427 170 26 443 305 266 138 131 153 253 382 486 150 334 234 332 279 485 10 342 324 492 144 307 411 224 8 63 277 246 507 13 19 443 36 482 498 405 252 215 114 316 347 445 248 195 393 32 339 174 116 30 488 124 13 126 399 357 74 429 100 23 128 392 266 473 441 202 369 358 195 83 11 487 245 185 162
438 178 468 105 219 368 62 306 172 246 306 91 33 38 442 72 493 331 246 147 447 74 274 106 223 483 473 188 467 454 15 98 406 124 465 505 471 212 376 276 446 319 266 257 311 178 56 326 252 113 258 469 333 297 420 126 402 153 126 417 462 113 16 33 491 246 370 75 54 491 98 329 368 496 484 486 21 211 213 497 240 92 191 333 306 306 85 263 64 276 140 251 55 460 493 191 67 205 405 299 248 180 260 256 108 150 330 318 9 339 106 100 510 27 38 289 502 128 149 409 259 470 232 338 238 409 505 99
13 497 126 144 270 483 430 314 356 47 479 319 175 416 32 39 333 31 236 38 459 356 126 34 376 5 339 312 321 506 186 68 316 431 71 321 475 212 484 441 176 85 18 95 257 350 318 198 337 376 270 220 405 86 261 57 118 200 170 35 279 438 150 435 278 295 185 34 272 442 19 366 159 437 181 313 234 362 239 329 130 278 103 86 213 391 372 121 506 371 130 376 193 431 133 444 442 246 212 253 395 183 150 158 321 244 28 490 504 433 77 56 343 16 489 266 281 443 125 505 70 235 65 391 438 51 467 442
379 391 205 255 394 11 510 511 279 168 470 169 256 152 497 332 252 371 157 169 320 468 453 369 330 173 465 338 322 319 68 319 200 181 464 208 221 446 325 94 292 235 497 239 229 403 463 326 413 157 34 388 27 80 371 220 139 193 37 509 31 248 11 332 136 400 116 499 58 130 318 62 52 213 212 266 273 455 201 486 75 420 273 495 354 181 391 11 163 483 499 487 345 392 61 314 313 431 379 337 317 221 248 297 506 324 281 172 81 318 265 357 119 470 420 186 175 210 251 40 334 61 28 368 133 141 36 25
468 296 117 131 165 365 271 321 126 188 288 25 179 432 14 345 197 29 5 418 181 99 322 201 409 166 397 490 28 373 120 176 280 122 454 135 192 204 346 212 201 48 40 287 262 475 214 98 103 393 495 405 5 346 457 328 255 357 113 39 120 41 225 282 138 248 297 418 331 301 376 482 6 360 17 68 416 497 183 295 3 289 294 401 389 255 83 40 365 496 126 99 511 500 172 408 137 316 456 119 178 67 259 42 73 481 110 219 340 378 330 381 106 408 188 138 206 13 322 152 475 112 310 510 85 309 417 416
228 99 152 187 179 123 98 443 375 89 116 207 113 185 63 242 427 181 151 500 251 276 495 137 313 18 28 265 439 170 415 151 382 501 290 98 212 117 306 115 9 419 422 189 105 261 242 437 148 112 143 355 1 113 49 184 195 390 76 443 387 72 200 330 431 96 95 260 3 431 182 73 420 430 118 441 145 455 86 139 337 257 90 22 495 453 320 33 213 486 511 26 104 361 121 463 307 495 39 104 457 195 267 190 370 216 25 346 490 154 3 321 67 298 54 459 291 136 107 249 126 359 137 232 214 119 133 421
268 254 167 386 147 480 341 380 64 297 339 395 139 218 383 396 192 412 509 453 197 507 81 340 284 53 266 323 219 501 480 134 346 261 421 160 191 474 381 374 73 153 169 434 10 457 259 379 287 349 164 494 115 361 286 319 405 80 243 245 458 229 296 260 138 188 208 377 206 24 23 500 455 21 273 317 77 324 149 259 461 36 415 227 23 63 290 449 40 72 333 152 242 139 237 346 222 118 191 238 250 393 500 328 405 93 378 236 214 175 258 481 390 98 170 451 333 464 378 408 33 484 231 505 16 469 134 153
454 130 8 226 41 487 386 486 313 22 455 81 438 172 404 235 434 184 221 92 218 55 233 176 503 185 61 189 253 362 228 44 168 264 128 22 19 242 455 382 43 166 40 103 174 369 359 504 278 471 476 217 132 353 63 502 351 117 273 289 133 470 64 15 175 69 365 206 18 349 307 10 432 403 369 323 388 63 477 326 264 109 339 306 126 378 251 332 438 134 336 345 493 99 295 143 14 401 180 20 381 3 254 21 392 89 363 103 190 384 500 335 508 118 13 430 228 329 345 331 487 66 3 221 108 400 277 326
417 416 260 511 491 178 189 74 424 145 275 353 71 116 13 387 493 135 48 398 394 53 118 16 284 507 243 180 151 21 507 69 351 72 500 193 209 326 169 3 291 461 324 184 320 23 508 219 94 309 397 183 460 390 332 265 30 74 387 16 245 346 345 226 27 498 106 367 262 427 270 476 462 347 183 216 363 342 224 409 117 201 201 401 212 509 301 473 393 472 188 75 106 198 68 146 251 325 393 70 18 459 247 497 94 39 339 41 285 183 204 118 351 179 194 467 412 111 394 322 67 221 506 127 473 178 134 249
463 5 47 77 145 240 87 246 166 250 398 127 415 249 1 57 155 130 327 86 498 156 364 365 324 55 65 215 164 44 60 277 26 254 192 38 232 352 428 476 167 443 344 58 246 474 399 366 441 387 376 427 361 411 174 499 85 362 295 398 511 489 266 81 131 280 462 188 91 394 393 493 236 86 259 94 236 130 362 110 268 4 11 186 151 91 165 280 99 205 345 505 181 437 458 42 115 297 78 385 101 24 148 497 120 317 344 62 206 202 403 347 270 235 45 215 338 164 383 277 290 186 201 373 351 195 61 221
275 281 350 274 159 271 231 369 456 31 192 483 433 112 429 88 506 396 238 502 367 187 107 290 495 204 166 50 497 218 64 148 203 383 423 367 509 381 46 55 392 94 180 181 97 91 507 339 509 421 278 188 176 309 69 139 194 294 263 295 7 489 162 479 252 137 97 448 169 425 408 109 282 275 504 128 220 288 190 420 5 438 262 470 447 498 225 483 233 104 46 53 341 249 216 168 252 207 492 507 159 338 331 122 68 94 245 403 276 312 146 25 329 296 342 488 229 315 206 309 327 263 91 154 316 92 119 488
366 169 348 83 81 72 211 313 406 9 98 361 417 249 149 436 154 376 458 380 60 454 425 463 219 74 34 164 336 280 142 34 482 236 28 497 239 358 496 365 504 260 373 3 132 64 507 92 292 475 487 84 70 503 95 161 169 161 34 353 78 47 2 324 186 225 395 22 191 57 110 100 290 313 113 50 301 441 328 243 415 44 238 82 72 366 235 265 457 413 403 472 271 442 189 4 412 111 312 372 336 303 139 57 506 159 452 339 432 70 210 453 42 469 246 123 350 491 183 504 372 386 24 480 6 284 59 237
252 20 175 322 413 37 8 408 194 14 502 59 302 419 46 309 162 387 196 330 442 245 96 470 250 295 423 281 264 87 166 305 6 384 125 17 464 274 125 424 353 168 204 331 502 259 125 425 57 285 335 273 442 5 111 32 474 480 289 339 239 448 346 155 127 477 209 105 250 179 425 108 241 266 31 415 409 103 291 498 268 45 390 204 154 321 139 329 411 436 201 78 353 431 502 328 468 88 305 131 240 224 482 233 7 134 293 64 389 370 110 385 444 99 136 195 427 508 426 266 390 237 369 238 196 163 6 88
144 196 283 18 63 435 283 353 233 477 71 285 304 109 165 175 147 200 25 390 365 488 12 510 210 370 202 232 429 91 357 232 108 43 433 61 30 431 170 172 320 167 214 399 446 415 54 262 411 260 308 274 337 311 384 110 501 466 195 338 291 24 64 281 109 62 13 168 315 508 419 483 451 361 63 180 316 427 442 200 444 13 5 258 132 307 312 411 256 256 359 341 26 117 343 120 462 140 145 297 147 411 465 208 469 218 343 266 82 143 411 175 440 172 207 370 52 298 249 443 260 128 140 80 341 152 76 200
318 163 337 333 260 340 79 404 138 431 331 111 492 141 22 460 27 465 313 122 325 212 93 325 46 285 337 110 444 176 37 302 444 316 350 267 162 195 230 69 390 196 303 238 315 323 496 72 350 460 22 269 498 467 331 260 267 375 495 175 434 460 137 334 128 493 509 449 361 53 491 117 24 318 73 422 216 247 7 501 201 507 224 87 50 91 49 392 96 45 25 414 45 197 127 461 261 428 417 256 190 204 237 180 135 478 497 212 401 210 54 476 1 391 108 157 502 188 23 201 87 142 220 1 498 331 471 420
165 180 315 391 461 420 254 386 180 47 160 446 159 18 230 352 308 104 51 450 220 384 333 294 229 224 296 59 459 73 412 166 87 366 63 84 399 392 449 394 108 457 452 85 74 134 477 64 45 447 177 243 485 142 506 69 52 273 209 407 491 216 234 282 86 70 266 269 132 304 298 101 487 189 224 38 358 465 315 263 421 81 415 279 359 430 319 361 311 79 301 147 205 232 147 421 419 190 143 367 469 22 289 29 213 345 269 199 290 366 360 356 496 350 299 347 288 198 338 190 505 271 373 1 374 402 88 194
172 159 10 416 285 455 425 154 259 16 45 507 198 392 314 12 251 494 63 443 149 313 189 167 264 81 248 34 309 335 366 508 210 1 75 10 493 438 384 56 29 233 458 400 243 152 483 59 78 490 183 384 48 237 248 347 390 403 459 33 66 258 319 45 9 469 108 500 187 82 72 260 451 288 491 93 166 151 95 300 71 166 87 478 112 459 325 357 62 76 202 406 228 44 203 208 319 61 312 92 223 3 377 231 343 81 185 320 305 166 353 435 13 146 181 163 152 172 93 404 155 490 181 372 88 349 496 456
11 498 477 54 412 401 119 354 115 117 259 58 351 29 477 320 69 361 74 403 435 244 174 201 67 149 137 135 302 159 476 311 221 61 98 118 264 157 347 218 497 68 424 100 132 34 479 47 298 32 15 465 55 375 339 258 185 380 396 183 485 63 314 121 10 254 167 215 440 78 492 424 299 377 87 402 503 476 126 481 414 296 325 423 492 361 249 223 207 231 102 481 503 400 280 488 59 164 87 262 398 324 305 337 356 414 443 388 144 377 408 43 78 214 189 160 110 44 409 114 491 168 460 370 116 20 269 204
482 424 213 272 223 142 24 302 274 262 82 142 38 178 263 315 282 256 472 183 397 12 95 380 71 385 399 185 417 467 477 75 448 104 126 124 361 309 388 286 295 453 377 328 179 115 205 301 113 382 137 119 93 201 270 91 198 222 330 243 168 312 424 103 363 394 402 144 503 49 53 452 290 58 218 278 306 407 430 313 489 109 498 192 132 332 94 383 300 169 466 81 52 133 385 284 38 379 490 303 477 231 324 44 32 96 121 39 209 124 232 110 29 230 500 42 9 444 243 64 9 56 249 207 63 291 8 192
152 129 19 61 447 98 413 152 212 395 148 189 13 289 471 496 299 13 431 415 206 15 363 331 97 431 55 20 19 250 431 265 456 465 225 130 473 221 223 465 410 424 459 93 5 178 244 96 215 494 38 171 210 302 49 45 159 101 421 449 251 468 63 255 450 374 153 211 14 471 162 114 87 499 94 197 87 244 194 511 350 16 102 431 463 443 238 155 70 74 70 341 439 478 129 28 307 242 364 330 493 391 127 21 442 109 357 54 209 217 360 250 291 327 182 138 135 97 38 28 201 488 412 465 107 174 147 131
102 7 262 44 173 116 207 392 58 29 380 354 108 499 492 388 482 271 113 396 88 321 21 294 449 164 130 21 264 323 461 48 116 65 151 237 481 30 245 499 33 18 382 86 507 269 476 86 282 2 263 478 216 336 8 217 22 369 301 141 314 82 316 285 464 53 6 442 438 416 21 466 281 105 502 494 3 412 166 28 442 125 466 253 488 249 424 132 241 343 217 183 290 510 351 492 44 351 57 264 285 452 154 75 79 73 167 486 84 278 286 270 143 432 420 412 189 277 172 447 72 410 314 433 355 341 302 153
49 401 339 233 310 455 388 247 123 291 191 97 108 473 334 229 305 421 132 211 53 275 162 414 472 181 390 476 296 471 172 21 210 483 232 381 195 499 111 17 80 115 344 402 57 198 342 110 505 60 92 217 491 107 227 175 61 65 45 181 333 367 198 425 451 80 131 232 482 318 7 111 148 213 14 240 244 42 306 460 249 125 208 26 472 405 379 381 160 267 232 444 435 451 398 129 95 311 66 299 17 495 226 352 266 19 447 17 348 89 142 403 331 276 349 495 436 1 493 375 265 255 124 157 450 111 484 134
16 185 379 265 53 156 89 432 233 506 111 356 323 507 137 472 74 480 23 244 131 306 347 107 138 194 289 367 413 121 436 429 427 50 121 240 465 202 326 330 34 386 49 419 26 414 474 480 276 80 145 405 340 437 184 181 43 443 43 446 91 360 435 455 298 139 1 483 364 34 217 219 3 279 192 156 276 184 434 249 327 328 152 10 274 37 335 472 133 37 406 248 12 208 248 154 337 176 77 206 195 451 179 304 157 442 350 441 466 46 438 252 499 185 34 52 22 373 237 211 303 225 60 498 126 439 135 112
143 132 12 421 380 176 407 180 172 367 219 297 309 256 10 276 312 179 350 133 138 475 326 435 134 35 7 251 225 128 11 334 286 423 180 422 152 127 462 419 352 126 157 245 248 70 293 147 409 99 64 284 134 15 332 229 430 183 146 320 493 267 174 183 389 149 17 243 11 396 94 154 445 265 4 205 231 11 95 425 415 213 300 144 198 201 416 472 81 6 452 113 188 277 380 367 101 239 366 47 239 180 228 47 53 410 309 409 397 260 469 169 440 158 363 258 256 197 184 142 511 193 293 364 369 227 29 192
352 385 84 136 161 22 211 172 76 204 400 56 396 88 402 10 510 315 374 147 13 156 333 507 239 217 268 432 460 337 13 87 305 243 310 435 480 368 22 218 279 424 380 478 19 267 122 181 252 255 101 414 96 400 302 163 172 308 146 365 324 182 209 338 430 473 87 229 286 33 218 294 395 241 321 76 270 218 387 304 126 97 347 394 382 81 286 112 455 401 407 84 388 400 188 469 12 79 304 356 86 89 474 313 341 240 23 417 226 446 219 240 255 459 268 120 261 168 348 480 93 205 117 377 64 141 471 407
447 26 439 359 494 164 370 469 154 17 182 206 334 355 91 397 221 341 147 506 262 155 502 219 267 412 313 164 310 465 10 251 299 303 19 133 369 458 18 78 236 473 367 103 486 121 483 374 373 142 433 223 383 80 162 200 298 434 239 508 131 387 167 44 97 31 91 95 77 297 246 378 246 335 405 13 373 399 383 143 62 476 281 175 431 413 141 200 217 170 223 263 395 445 358 120 155 457 475 491 262 385 508 356 96 189 96 205 408 371 384 200 118 299 433 426 332 51 15 393 505 127 451 417 483 333 10 263
482 313 176 176 362 363 257 355 330 406 358 139 323 210 417 395 39 187 56 320 341 362 419 227 49 224 504 10 79 147 184 458 254 198 494 46 477 409 241 43 231 304 214 273 425 331 406 34 200 384 147 242 145 185 178 355 330 279 198 439 277 125 115 400 89 104 371 372 282 101 230 298 458 475 87 424 159 132 143 366 62 111 261 405 357 396 3 244 376 163 306 328 274 390 220 202 185 136 294 96 161 419 335 461 411 89 438 153 421 125 36 319 135 322 333 370 159 107 9 330 206 456 288 3 73 228 277 248
247 202 72 150 342 494 160 423 169 440 415 501 63 49 217 333 156 66 338 473 99 48 302 499 451 218 242 9 235 256 312 487 415 183 241 360 223 258 457 224 272 478 92 110 235 136 221 455 478 294 39 155 197 323 72 447 271 419 274 18 365 341 440 235 262 364 380 125 115 405 275 407 279 265 139 403 55 333 185 89 141 265 238 125 505 404 46 250 312 302 212 178 409 35 310 386 474 361 98 95 119 275 274 14 21 479 137 39 46 5 162 42 164 329 461 508 180 95 200 81 359 341 126 6 392 367 257 420
397 196 430 471 143 64 314 475 390 203 245 119 335 349 474 25 4 492 326 147 147 141 341 144 114 310 473 321 375 443 189 163 457 366 298 495 157 509 292 364 222 306 356 171 401 358 74 376 429 497 34 500 364 488 44 265 457 398 78 488 210 381 458 184 117 50 466 442 227 54 352 363 182 28 78 214 305 303 448 371 230 125 226 300 174 466 2 151 400 373 130 173 4 169 323 382 366 127 116 340 478 304 203 465 418 14 366 353 13 341 260 490 161 383 154 63 3 428 240 132 389 446 32 414 378 491 28 387
212 451 213 21 100 321 132 162 431 96 95 288 236 387 225 309 438 210 465 77 301 493 498 76 31 66 444 361 331 271 389 428 385 430 302 479 230 145 309 354 468 53 241 421 12 206 194 302 365 277 307 75 226 380 223 354 217 463 16 454 477 468 357 74 510 376 404 432 251 120 254 81 333 224 219 112 147 309 67 406 509 21 222 53 391 319 497 249 62 216 28 481 132 491 293 279 428 299 36 461 416 467 156 91 333 374 504 463 429 378 335 339 87 374 45 121 44 45 501 146 380 13 384 137 211 117 32 149
336 401 109 81 421 415 213 213 202 50 23 192 57 184 23 383 457 383 201 436 432 405 443 120 286 462 267 24 226 151 245 249 60 187 32 170 463 386 290 77 218 455 45 448 167 260 245 434 113 45 303 491 68 383 449 111 30 350 112 271 172 131 19 313 234 338 269 461 389 24 19 116 275 9 361 155 58 363 193 177 410 134 225 49 221 279 398 418 156 89 9 153 375 495 76 114 391 472 135 179 25 131 383 298 498 244 458 12 157 407 326 169 431 114 409 327 391 139 118 484 186 323 446 396 478 17 103 478
266 508 79 412 227 482 169 235 200 245 483 29 4 462 80 402 256 294 110 458 321 437 49 204 24 172 158 472 436 110 89 180 146 269 406 422 228 493 131 68 56 333 397 506 305 374 439 269 70 449 367 218 68 439 119 325 343 405 86 91 7 299 282 310 478 433 376 160 262 296 40 443 483 460 414 233 266 179 171 146 282 139 212 408 112 484 34 275 297 117 20 381 506 15 159 319 320 18 364 33 418 23 396 54 372 116 222 486 42 25 269 71 359 509 301 325 377 89 309 282 300 91 302 145 356 454 120 435
115 311 308 350 4 416 145 244 414 388 289 482 158 179 245 305 321 203 284 118 188 160 306 190 305 430 63 26 260 64 487 351 383 168 303 207 203 472 360 371 94 29 51 350 376 67 223 252 261 364 489 354 172 224 454 252 111 198 424 449 224 423 477 489 247 501 10 385 422 233 23 486 198 87 294 459 68 103 180 226 337 309 397 444 107 468 442 31 465 142 494 204 298 349 128 180 500 103 278 275 143 186 130 295 453 7 500 20 109 467 462 220 59 401 87 455 403 408 473 78 192 482 313 482 255 208 83 172
387 156 84 429 24 450 379 93 442 497 138 473 341 59 195 141 137 84 173 175 333 125 254 356 383 139 240 487 108 58 86 218 463 97 87 413 365 488 465 277 385 497 240 132 236 117 361 71 66 283 244 262 392 130 394 201 125 190 232 238 305 121 474 407 167 307 240 421 80 72 459 100 388 166 427 303 51 79 248 493 197 47 440 312 422 98 394 435 336 227 510 115 360 36 214 375 412 364 169 187 13 280 258 74 171 286 189 265 218 21 344 28 402 480 287 453 374 205 23 247 159 441 72 231 194 231 324 406
75 395 13 349 383 391 437 388 463 313 384 327 56 455 182 445 423 126 359 48 474 244 55 37 363 175 156 422 231 292 273 194 496 385 303 381 413 35 167 473 44 440 417 435 506 382 485 156 477 461 287 273 184 205 393 64 243 46 19 46 438 480 95 157 450 502 440 336 208 138 133 294 16 475 68 335 164 447 151 233 346 283 136 276 431 25 275 486 70 143 197 490 223 292 225 302 17 321 463 207 126 280 249 283 306 160 371 398 382 129 142 376 12 180 165 438 134 412 93 81 84 358 16 453 111 413 414 498
33 1 336 5 171 324 175 48 497 383 215 73 281 395 265 200 334 397 321 359 510 453 329 249 36 44 365 419 16 222 116 175 13 245 151 451 286 10 72 168 306 398 453 465 49 440 265 319 68 207 16 419 203 345 35 354 243 365 67 341 279 154 306 480 435 491 205 45 21 60 440 47 447 212 149 187 421 392 149 336 167 360 408 1 246 107 10 262 278 418 202 229 251 218 85 276 139 251 436 421 449 101 235 249 296 32 48 448 174 63 327 335 8 459 86 91 302 34 64 124 411 278 20 23 60 132 41 98
251 411 191 149 360 168 418 128 224 427 146 114 257 302 415 325 259 34 197 504 456 57 293 360 182 499 56 373 436 29 94 135 297 192 72 454 4 20 56 490 365 381 167 155 113 423 269 493 237 102 62 198 41 48 43 385 342 50 481 191 464 449 122 58 18 137 495 390 259 140 242 246 205 80 2 122 115 168 36 23 354 457 153 397 329 383 167 104 359 422 501 454 465 190 290 455 67 121 316 65 295 156 29 113 112 391 8 340 131 65 387 280 315 499 46 494 459 123 280 54 392 259 398 432 15 229 426 164
166 140 507 130 440 316 329 193 249 119 368 404 3 133 428 42 4 9 391 184 421 17 70 336 74 280 387 398 359 85 165 357 420 439 137 402 494 365 264 86 369 467 460 447 287 357 159 463 366 346 319 427 9 177 329 345 285 170 305 99 214 406 413 138 71 318 392 401 113 477 502 451 131 314 266 398 386 66 208 62 471 325 111 31 470 360 378 208 346 197 351 414 208 394 71 452 141 23 361 185 175 309 429 445 222 223 179 83 405 510 335 491 378 53 286 412 410 101 111 437 18 237 361 347 448 500 298 74
184 30 14 93 277 508 156 316 398 445 263 145 63 184 30 384 159 36 492 10 340 41 67 461 350 436 453 278 31 451 437 360 475 153 501 94 394 455 83 130 83 452 318 383 82 228 206 200 463 43 119 170 208 387 61 378 51 75 6 459 45 189 388 175 489 496 442 49 95 229 347 182 31 173 184 30 341 468 72 98 460 418 411 199 332 507 250 196 460 326 144 162 251 322 213 445 301 193 178 141 161 128 497 120 349 383 127 484 60 77 399 499 392 273 390 423 325 471 486 64 397 401 371 59 242 15 63 248
470 368 149 300 200 288 55 209 157 236 465 372 161 271 442 427 507 107 432 111 176 455 229 80 384 22 165 339 103 90 318 302 16 331 19 374 477 133 148 80 238 360 129 258 71 238 179 32 462 324 381 60 473 439 82 241 476 191 307 17 15 8 322 470 304 167 268 443 440 60 49 134 465 114 491 91 154 11 157 491 42 188 434 152 344 332 121 486 262 451 225 176 367 369 330 451 98 287 394 157 136 169 266 333 404 491 89 201 373 242 427 440 481 200 120 145 300 183 217 185 311 226 482 195 125 200 369 493
165 87 264 445 349 104 94 488 399 452 98 144 353 441 381 112 260 154 403 258 371 491 26 344 443 90 367 350 24 201 491 244 70 313 157 189 339 291 156 122 464 12 177 143 405 31 383 95 155 348 268 199 134 482 201 242 181 264 462 80 75 231 1 463 354 428 464 5 340 155 322 33 274 357 376 269 394 413 455 116 199 210 429 355 81 352 396 375 80 190 79 436 421 312 23 111 261 171 355 278 200 64 14 293 196 429 118 292 323 128 340 228 36 354 77 271 410 483 220 258 276 341 32 38 505 383 16 10
161 26 237 453 177 82 318 160 22 318 358 368 321 141 155 29 128 414 269 136 368 46 310 113 441 178 459 307 491 81 496 242 15 324 424 303 273 265 194 281 53 84 389 253 245 386 68 247 12 454 3 219 78 249 300 231 458 175 108 307 15 428 47 181 435 222 77 164 493 72 156 486 431 393 473 96 148 155 420 177 94 282 341 212 299 148 133 288 182 75 98 359 299 367 249 309 350 489 30 193 466 377 464 358 424 162 503 229 153 70 314 411 400 218 40 152 221 92 387 489 238 284 428 468 182 336 140 497
380 443 72 392 150 42 232 267 247 120 497 431 163 292 437 339 45 246 508 160 85 101 64 396 484 397 27 51 427 348 338 165 272 187 318 374 73 477 117 132 401 365 263 255 337 428 340 120 90 68 482 133 127 392 331 232 470 23 283 276 95 189 147 316 413 35 316 335 370 36 3 309 507 174 392 291 167 384 218 468 156 103 134 207 15 61 189 475 197 174 94 111 19 132 230 124 148 49 268 61 113 156 201 247 79 127 332 21 7 194 194 223 358 480 348 25 128 46 88 45 4 504 495 100 412 196 46 464
257 58 39 320 360 449 319 452 499 398 459 267 167 202 455 314 191 229 451 148 260 298 95 222 170 156 345 2 89 164 471 167 69 255 240 320 52 256 138 210 359 132 147 210 442 232 185 511 465 336 7 317 96 90 472 499 34 115 104 227 474 433 284 128 163 234 282 326 389 106 214 472 169 296 417 8 198 462 351 437 349 498 149 52 133 83 282 121 160 417 68 182 264 410 117 381 306 31 250 226 67 368 488 88 342 394 156 508 108 111 466 192 251 251 144 246 342 43 76 465 441 441 257 367 80 80 488 452
193 134 240 9 16 449 249 394 256 96 243 471 395 82 68 57 302 135 211 286 71 173 225 90 305 102 363 282 380 435 78 186 55 500 450 259 317 100 266 502 453 322 188 174 511 450 280 447 198 388 376 76 82 491 70 504 316 125 110 469 474 441 444 201 266 258 459 19 328 478 205 486 322 142 433 180 443 463 369 253 138 402 123 466 371 355 147 334 220 141 117 409 1 312 432 137 113 480 307 39 11 148 404 482 294 426 213 91 478 12 453 183 457 378 16 210 396 455 209 59 437 74 154 294 108 468 225 412
367 434 459 472 378 57 202 457 238 32 441 332 293 383 89 181 390 269 173 453 98 262 473 240 253 135 93 374 150 338 110 208 97 303 394 86 179 320 297 163 155 214 291 56 219 410 245 68 455 511 61 208 281 76 99 25 448 353 31 423 320 427 194 1 196 117 13 187 477 472 132 3 469 126 386 325 496 69 434 466 439 39 106 189 318 394 485 341 350 435 226 325 350 375 292 236 394 39 200 33 347 469 161 414 425 202 87 460 125 260 184 442 232 333 365 388 138 275 435 183 490 429 278 139 286 136 1 18
495 59 67 142 337 238 503 117 191 286 192 183 42 462 278 455 337 155 94 329 431 452 24 349 507 393 102 157 165 418 293 316 158 463 499 58 12 423 266 495 203 196 66 434 402 88 429 260 469 311 272 393 66 92 264 331 44 498 438 306 124 458 104 483 171 80 511 4 64 410 333 204 223 269 140 426 46 505 438 247 447 109 327 51 478 104 126 329 36 22 254 381 332 287 278 431 489 366 27 258 284 324 121 436 141 10 309 439 165 319 64 486 175 342 412 174 344 273 424 101 146 297 47 7 208 59 36 314
293 335 414 336 304 345 94 234 79 157 122 138 424 109 196 293 509 228 294 90 302 181 98 395 37 222 314 323 259 478 134 407 263 172 495 14 420 342 212 22 100 138 237 408 205 123 95 109 205 116 332 352 146 134 82 181 35 378 328 442 348 292 301 144 67 387 432 235 181 175 214 272 510 4 252 250 439 219 90 354 432 384 150 419 35 480 182 260 39 461 239 74 366 416 124 307 168 480 35 313 456 308 72 333 108 328 44 52 378 451 329 238 504 347 390 57 10 273 420 50 460 433 141 167 254 127 8 216
25 47 409 192 218 131 370 136 333 178 255 376 329 178 20 178 396 244 360 105 443 334 324 177 334 330 510 362 252 161 222 301 332 496 425 325 110 338 171 336 376 429 250 472 186 358 105 125 180 101 208 421 37 195 484 145 462 393 479 72 277 51 423 460 336 15 281 129 387 350 467 462 401 77 117 151 372 149 64 210 303 292 226 466 259 141 112 484 223 62 227 444 370 200 471 452 40 351 344 278 215 116 400 15 17 410 155 333 43 245 377 410 22 197 98 219 324 99 389 505 19 377 97 315 142 425 361 269
467 235 198 126 466 135 159 394 488 5 424 220 200 75 240 417 279 294 355 17 16 25 456 383 256 339 313 39 393 131 467 261 132 269 179 72 87 253 248 345 108 136 216 317 509 204 255 155 293 177 140 308 182 484 324 307 296 74 242 413 209 220 342 128 272 234 484 46 180 152 479 155 289 168 185 343 470 34 122 360 40 367 351 145 468 115 144 252 380 344 124 232 23 43 412 201 396 317 199 228 132 372 30 174 100 207 336 173 207 368 333 66 98 19 56 396 40 507 396 45 97 510 444 328 165 244 233 68
504 464 231 259 444 130 124 208 191 332 156 414 119 492 465 81 70 52 483 39 135 280 503 361 50 172 343 49 70 459 64 41 346 390 318 207 54 438 45 134 460 289 274 176 428 344 144 272 224 363 443 139 311 2 37 243 63 234 332 452 400 327 157 212 374 341 252 364 480 60 494 103 442 297 365 53 210 190 311 416 312 479 459 408 188 338 133 35 202 510 404 437 380 124 105 95 152 74 452 184 66 46 140 318 82 149 443 497 137 239 280 41 313 143 13 8 236 507 391 507 61 311 462 41 478 371 247 104
301 112 364 364 173 457 485 88 166 373 433 420 246 417 64 150 202 309 297 289 17 211 63 401 500 473 86 67 387 334 271 374 451 280 30 183 348 334 109 16 258 283 368 439 167 206 214 495 414 386 445 288 330 37 345 223 354 275 372 449 180 304 277 201 175 237 20 489 492 285 204 29 439 252 29 182 394 464 19 326 227 206 279 307 480 226 484 82 363 505 361 496 439 165 210 105 126 159 393 22 240 154 1 454 63 254 433 52 223 237 350 154 16 357 256 376 189 157 56 405 193 224 227 490 438 361 70 486
184 376 287 334 162 176 443 199 166 136 333 264 358 108 393 40 374 28 306 495 500 438 225 26 503 310 43 21 85 373 148 42 284 263 70 501 366 140 296 186 199 11 324 394 83 401 137 249 5 491 390 233 145 221 77 201 365 328 401 127 97 279 300 420 334 207 198 112 265 374 254 390 201 451 310 212 145 497 426 23 60 102 7 42 151 23 163 118 20 161 229 315 187 232 141 366 336 206 224 75 127 227 142 482 365 281 4 406 374 440 268 80 170 204 282 436 15 263 425 44 432 104 387 260 53 286 502 423
225 211 412 480 32 1 357 248 233 403 427 425 132 25 291 480 35 451 313 137 93 363 90 427 260 127 64 429 471 293 222 99 354 101 285 119 149 16 254 22 225 13 231 301 274 75 107 226 233 433 452 118 198 10 145 158 320 181 155 171 225 471 122 406 397 203 120 224 280 337 308 77 461 68 306 254 488 179 233 105 385 420 364 145 284 151 481 417 38 496 280 54 110 19 308 332 431 359 144 270 292 159 191 241 424 98 30 142 359 329 295 135 356 332 68 57 316 124 309 121 435 232 187 311 252 492 187 430
57 421 55 494 176 80 216 175 106 193 287 389 431 442 201 372 112 470 289 372 277 363 19 500 281 195 176 121 134 26 460 41 409 103 207 7 208 4 346 434 228 314 413 489 424 330 3 94 502 202 2 22 196 266 176 130 500 386 496 125 487 237 332 131 263 121 330 366 472 43 314 306 244 506 68 69 96 237 367 288 311 176 442 245 209 419 260 127 332 153 210 129 105 219 391 395 389 471 201 348 392 361 102 426 69 43 169 139 40 152 56 265 391 201 124 271 426 300 330 491 163 272 53 352 401 340 499 503
162 136 433 204 319 145 347 489 68 117 67 225 423 501 63 487 34 70 252 107 190 329 178 121 137 460 237 215 410 454 156 252 187 427 422 465 215 355 456 50 464 290 3 460 119 411 142 155 342 262 167 415 217 343 414 243 321 179 108 214 159 292 105 506 184 258 426 428 244 126 143 168 146 61 244 459 52 196 344 471 500 368 62 25 488 130 35 291 76 46 272 348 301 248 46 468 422 22 319 128 475 317 403 319 179 330 229 420 327 83 354 198 55 65 279 325 367 397 318 427 451 166 1 408 383 327 183 11
485 434 340 41 471 337 32 280 168 207 405 300 323 348 401 122 144 185 381 238 378 348 454 115 236 170 109 471 429 301 338 174 440 163 44 467 139 161 106 359 368 3 289 318 54 283 423 154 73 234 224 278 344 357 235 59 353 352 475 215 323 235 279 230 93 147 495 211 132 102 433 193 425 356 243 7 284 72 5 156 148 349 5 478 195 242 207 239 115 178 99 350 351 339 280 392 14 197 27 56 231 269 371 122 425 141 40 27 86 316 230 57 354 52 380 361 325 234 223 107 36 486 397 94 471 323 190 1
104 362 482 294 10 379 27 304 494 69 19 453 368 379 355 26 422 231 148 60 486 406 331 148 293 81 176 299 153 487 12 422 447 351 220 92 285 464 72 485 506 374 252 290 371 70 24 201 157 288 261 453 175 391 250 367 458 429 122 403 80 257 508 114 21 466 251 440 30 423 211 438 201 61 109 106 486 59 19 127 170 233 323 53 157 457 110 222 198 455 491 76 46 249 379 416 376 357 151 60 54 426 491 22 358 428 218 153 20 208 361 331 496 338 116 243 297 113 51 142 437 371 306 125 237 506 116 387
303 419 320 140 329 374 50 181 92 210 4 29 288 101 255 277 22 230 286 350 242 392 68 130 410 195 452 17 245 50 92 35 363 315 6 228 205 494 254 505 374 33 220 457 337 451 74 196 69 489 494 454 350 339 318 241 472 476 408 461 231 417 365 120 126 475 307 215 350 264 221 175 291 366 160 144 368 229 14 299 178 212 113 18 397 443 78 236 218 79 400 314 107 207 269 125 248 64 252 123 60 184 259 249 423 22 343 173 224 184 426 432 92 71 465 423 360 511 195 376 431 110 186 271 264 337 16 491
232 199 271 447 434 7 100 266 287 446 509 68 203 410 96 411 249 70 445 250 330 135 132 496 77 382 68 96 502 408 437 326 287 262 101 281 3 376 299 35 71 100 14 4 172 388 239 293 368 30 363 398 435 235 403 497 446 433 180 156 305 380 169 37 321 53 188 225 159 319 454 10 198 58 110 157 399 461 193 287 29 244 469 29 392 421 325 15 112 360 450 136 261 68 348 411 48 180 140 434 202 491 85 23 2 10 416 479 365 5 391 215 390 473 257 72 148 475 136 219 116 460 384 6 26 17 150 321
374 284 414 18 138 255 360 455 44 110 30 318 87 40 151 392 170 428 236 196 357 432 323 471 241 85 34 454 218 266 405 54 144 277 470 205 5 322 207 505 389 47 327 176 184 381 133 210 351 470 95 187 217 303 173 229 192 266 79 192 70 465 88 267 17 205 144 431 483 98 194 360 477 298 124 41 274 395 371 97 300 2 217 231 51 114 161 334 243 94 230 73 148 96 268 384 304 321 90 490 152 93 492 261 144 26 84 217 11 477 81 430 337 94 139 159 52 399 451 56 318 381 395 199 275 269 142 147
373 427 481 270 304 323 287 55 396 3 451 92 27 205 364 383 175 204 481 133 4 112 131 284 212 203 142 104 266 491 432 15 184 172 301 266 202 14 274 176 316 388 48 402 327 40 419 150 195 261 120 8 191 482 382 381 312 261 257 59 187 63 479 37 277 314 480 98 415 65 145 267 61 460 305 185 268 73 238 84 44 483 85 307 303 103 183 435 193 502 480 75 108 107 466 487 47 160 439 405 270 317 47 391 37 43 491 411 402 507 131 331 163 11 484 181 437 354 130 486 458 159 236 342 181 338 462 156
288 306 271 484 230 194 69 245 231 117 88 204 128 228 383 153 143 163 452 261 315 109 192 108 221 58 273 394 150 329 156 286 488 77 461 10 391 490 271 500 204 338 382 335 91 462 181 507 200 495 332 149 73 346 180 1 156 79 511 349 508 233 252 218 459 157 46 251 182 397 143 255 283 385 206 250 130 508 391 12 208 239 497 343 184 240 500 329 434 50 94 342 320 188 491 248 437 340 124 205 332 394 352 494 497 157 464 189 505 459 286 70 304 280 365 172 14 118 60 478 119 458 380 228 271 193 148 220
463 409 370 345 243 401 240 325 325 461 233 295 317 246 96 465 145 272 247 211 105 159 108 476 505 92 295 383 401 311 422 175 387 345 458 462 181 13 158 338 237 365 315 152 20 28 360 388 130 151 71 49 149 143 44 369 93 97 427 443 192 377 18 336 183 433 339 337 405 192 8 278 501 320 178 117 359 122 83 259 252 139 133 279 56 393 314 287 341 177 218 114 135 330 313 412 375 385 426 16 296 498 503 320 399 153 231 459 269 455 406 449 343 368 158 157 30 457 209 245 208 443 217 348 146 455 371 379
63 220 480 153 266 166 72 78 13 143 144 402 42 35 378 219 303 468 470 430 107 12 264 427 448 354 296 290 484 68 1 299 347 295 371 396 218 415 412 69 16 29 144 101 168 472 408 253 144 433 445 124 133 252 185 318 350 372 257 335 149 127 445 300 55 100 197 39 511 129 316 309 461 223 335 459 305 50 118 77 271 151 434 274 106 308 457 214 180 432 120 99 163 327 220 350 154 445 349 305 96 400 197 160 150 172 107 53 176 126 484 225 337 39 51 310 365 343 76 308 90 163 501 198 317 349 81 315
288 406 307 169 299 39 29 314 488 235 458 147 282 378 248 301 474 188 56 507 129 270 431 450 270 170 396 152 83 224 138 20 107 462 334 41 353 212 7 110 97 65 261 221 345 45 211 122 344 4 142 398 265 211 90 381 388 144 462 91 211 272 290 121 86 96 36 75 304 295 480 474 21 343 43 388 468 498 32 261 303 364 218 416 442 492 145 371 246 107 365 305 399 257 155 226 357 21 160 112 398 43 335 156 160 194 383 488 428 40 29 370 105 434 413 409 374 380 482 56 417 64 68 484 122 16 79 109
92 25 38 287 304 337 318 123 274 240 162 409 157 416 271 133 161 414 172 352 282 393 25 57 304 82 339 37 234 152 372 451 56 370 181 253 182 85 58 470 471 408 311 193 76 284 243 289 274 240 471 210 81 421 289 79 140 149 134 382 249 460 277 405 433 255 314 320 393 333 15 242 137 146 234 10 232 347 510 369 388 258 237 435 273 123 384 345 178 326 5 8 292 271 277 378 286 374 65 195 197 497 62 302 313 310 238 174 300 462 199 123 253 401 461 236 317 33 178 268 480 91 82 414 27 139 90 58
129 244 402 375 233 443 330 171 344 135 393 417 200 395 437 267 427 405 18 152 19 36 56 508 372 451 116 231 275 143 25 493 211 230 412 27 212 161 393 74 121 69 70 211 478 55 270 501 120 94 46 224 208 60 368 236 471 253 204 74 13 432 179 212 499 164 341 71 213 275 474 221 353 296 34 331 101 183 411 309 73 254 450 508 498 328 273 309 234 195 466 34 148 154 445 199 179 423 321 165 348 68 155 308 157 262 248 453 164 40 161 452 204 509 148 82 116 358 60 157 209 304 39 478 275 148 79 497
510 421 494 388 259 266 262 374 498 375 450 90 15 364 273 12 422 27 199 366 509 238 462 371 56 507 56 450 2 474 24 411 4 482 475 493 198 284 164 337 32 479 63 266 9 1 25 475 439 213 50 471 370 347 336 177 92 36 127 413 124 190 448 216 336 444 475 425 458 41 456 482 390 332 325 303 69 166 346 218 432 247 339 12 404 322 145 300 321 224 387 378 82 77 506 322 177 207 93 387 18 194 365 172 275 467 434 203 210 215 192 289 218 34 86 366 385 307 34 239 450 79 445 150 203 165 189 416
451 263 351 138 20 338 386 306 209 107 45 484 380 286 176 169 266 177 449 75 363 128 198 292 209 377 18 336 488 367 263 267 434 66 280 53 471 55 489 476 302 190 76 277 225 406 404 288 199 32 430 73 51 30 190 344 197 5 424 285 363 371 381 45 385 506 252 249 283 273 275 264 205 111 98 484 244 489 397 1 209 322 435 364 432 322 475 471 31 113 271 12 478 226 199 283 19 284 176 421 15 123 203 136 272 64 42 353 83 282 337 405 307 267 409 469 163 351 34 156 423 176 135 499 293 255 88 332
392 111 158 404 95 428 435 252 428 334 459 98 351 360 469 285 258 362 380 454 35 485 445 442 455 120 100 416 430 78 139 246 398 404 396 444 264 335 327 233 494 265 400 357 469 453 473 353 289 239 91 5 395 349 282 298 273 279 185 185 317 439 338 188 91 159 41 229 108 100 406 164 392 499 367 92 166 166 290 215 470 34 407 130 183 220 2 253 211 485 324 92 383 481 224 81 191 451 300 360 508 482 227 417 259 70 222 363 2 488 302 480 28 123 320 373 348 44 69 184 420 496 234 79 183 365 354 333
488 354 66 357 127 423 30 511 252 168 179 433 27 230 91 349 129 25 124 378 175 385 216 368 413 236 221 179 443 198 166 327 12 414 206 4 232 477 285 169 79 221 237 103 147 107 487 175 355 224 160 36 10 111 375 194 324 473 163 348 470 163 454 234 352 248 241 448 300 28 460 171 218 122 455 384 141 108 283 21 337 432 124 264 105 60 318 89 42 276 176 335 132 345 417 480 8 52 428 338 343 47 44 155 135 90 242 238 80 7 454 292 167 173 62 258 283 23 296 143 160 135 143 73 33 303 321 440
247 387 356 511 143 282 442 464 263 373 51 205 62 46 455 347 313 338 2 66 109 399 368 364 328 315 438 67 346 47 178 126 136 188 187 481 178 270 261 116 236 153 448 422 14 361 163 180 193 319 337 149 451 374 183 131 193 490 215 293 340 53 440 118 457 367 432 223 279 9 457 27 42 361 99 57 355 260 390 461 204 237 377 199 59 386 499 343 330 56 297 270 179 113 82 10 460 396 169 3 438 26 105 355 90 286 176 5 159 5 344 130 197 394 14 428 255 31 73 354 496 391 319 57 460 148 127 89
226 307 292 172 441 301 489 341 371 54 236 399 442 5 272 291 487 187 295 37 400 152 391 216 6 25 120 255 59 509 167 435 425 76 330 444 405 337 107 183 182 91 324 423 429 413 63 362 70 400 123 464 213 168 151 124 289 366 53 162 329 455 274 56 374 238 90 462 460 164 141 116 305 3 478 20 477 125 435 325 383 391 360 372 178 214 308 123 453 92 237 66 408 287 366 297 495 197 201 72 116 65 118 154 135 24 503 31 238 59 254 106 224 480 429 88 371 89 171 394 275 352 288 225 205 305 14 195
105 379 428 393 494 15 474 65 386 179 323 450 59 230 305 337 217 188 251 120 257 339 78 168 510 458 487 418 241 398 497 419 498 176 135 473 255 389 229 79 8 206 379 219 470 5 432 212 238 258 262 316 331 262 364 184 371 250 222 233 112 144 62 157 314 472 240 489 138 269 427 373 133 261 466 48 277 435 93 134 102 141 340 367 2 89 371 215 301 182 407 333 32 423 329 176 283 255 314 378 242 185 124 168 355 204 409 218 78 104 163 279 474 239 399 86 371 286 231 417 382 196 172 397 12 372 213 474
397 268 128 58 85 281 32 75 23 140 280 14 234 92 362 216 261 402 233 460 374 434 140 29 474 97 28 95 157 453 226 494 378 192 285 356 92 237 96 80 324 109 393 500 125 23 431 70 372 345 301 114 159 389 87 171 42 170 367 494 61 501 177 168 142 249 326 56 453 432 328 146 267 141 106 450 24 50 18 340 101 227 342 112 447 114 350 91 376 457 356 414 17 395 334 300 362 168 35 94 421 224 426 26 456 286 448 252 458 127 295 504 209 309 255 419 200 128 473 39 74 474 472 333 319 215 398 53
172 190 144 319 312 38 22 242 441 23 88 43 289 150 355 495 75 490 407 311 378 317 258 142 310 448 402 184 175 158 260 506 360 89 472 277 408 58 250 478 19 276 113 279 187 477 13 316 415 38 260 281 150 278 361 100 445 210 440 4 302 329 458 233 150 237 144 20 477 412 35 352 428 25 400 374 388 111 67 192 272 345 59 371 390 416 297 387 389 88 140 394 101 130 50 305 321 68 153 33 189 170 442 490 274 371 273 144 56 433 105 79 196 279 361 1 326 76 272 147 337 391 331 103 407 382 25 5
366 47 72 333 226 28 297 282 242 162 118 135 106 204 358 246 468 130 171 200 170 73 6 225 422 55 137 353 495 262 447 215 197 232 103 358 59 12 6 67 206 236 333 225 453 19 75 388 482 456 449 476 487 438 8 207 50 10 427 50 328 340 386 370 368 150 72 158 276 54 241 374 308 278 192 158 317 37 419 6 223 281 110 355 392 271 399 286 110 199 364 72 149 501 42 423 446 489 261 342 509 347 18 140 36 321 364 205 210 386 50 108 35 308 19 161 24 182 304 392 366 63 273 456 317 472 153 395
177 391 172 298 358 430 31 192 248 293 94 315 45 113 24 23 134 160 409 10 500 224 474 291 285 424 70 491 59 244 423 61 358 435 417 90 258 436 103 54 500 372 394 405 352 190 120 44 108 424 129 192 334 287 507 250 241 87 1 290 99 388 134 76 390 488 452 96 83 304 226 192 30 69 68 278 338 191 183 314 300 85 463 364 275 222 171 21 67 417 282 286 55 167 239 244 9 98 12 331 41 469 260 386 356 363 465 176 454 185 377 136 493 194 105 307 439 258 324 381 118 29 363 95 239 328 87 63
443 134 169 385 227 151 222 281 158 142 129 84 508 24 217 443 205 313 194 402 233 160 112 263 436 341 484 309 375 467 299 2 329 118 29 106 322 168 189 49 280 329 260 26 26 364 483 155 349 136 436 3 283 320 35 152 489 435 112 135 462 98 267 435 364 110 456 231 278 484 511 289 324 139 141 309 84 462 418 498 320 495 230 381 475 189 468 417 136 155 371 323 314 363 152 150 31 229 107 86 507 424 284 115 22 15 143 397 338 58 178 338 510 59 433 350 86 333 16 397 317 403 492 350 316 232 187 323
466 157 317 483 145 257 151 304 71 301 465 360 323 434 164 254 378 167 158 373 507 110 479 221 295 244 37 274 144 245 147 172 207 250 237 495 159 329 287 264 4 220 348 224 204 209 30 142 182 304 209 249 138 44 54 419 292 50 214 375 277 488 426 483 415 442 20 153 230 428 502 70 493 24 234 108 224 406 456 13 387 96 263 309 40 502 443 299 205 484 51 310 186 413 464 362 138 490 394 427 169 43 30 18 305 308 142 335 332 26 373 371 484 27 334 299 273 174 162 246 301 130 471 322 57 331 296 473
43 229 188 476 182 368 365 263 193 405 271 273 344 304 96 90 225 374 274 437 323 275 86 106 350 361 302 248 4 242 172 414 306 246 486 144 135 476 180 139 290 507 289 111 466 229 154 304 15 119 475 75 245 32 45 325 429 12 305 432 439 414 279 422 199 435 107 258 495 413 321 318 24 508 463 67 245 80 368 43 338 198 232 453 73 30 250 263 294 146 133 50 270 211 63 78 309 154 475 63 155 442 428 363 81 37 132 266 419 45 115 67 174 101 496 420 507 435 378 493 375 193 226 139 13 188 405 234
235 305 391 235 30 451 174 494 271 197 454 438 300 9 371 207 174 183 290 237 373 67 23 87 198 2 367 368 264 41 417 239 160 42 328 38 252 507 136 162 46 451 184 284 498 408 441 181 308 214 442 272 161 374 88 241 474 503 334 359 25 233 285 154 292 358 15 272 139 69 190 262 136 38 389 287 270 476 69 288 110 112 289 6 102 90 339 48 228 487 130 214 68 482 256 116 180 407 473 197 191 129 61 167 214 148 315 469 158 340 493 55 280 250 126 136 294 251 346 401 356 63 183 390 274 295 199 127
343 85 270 312 329 361 193 203 202 243 93 51 226 88 350 18 121 456 495 352 46 391 318 69 388 101 135 169 289 370 21 115 200 67 323 256 498 343 384 502 340 247 28 472 447 166 337 461 268 76 178 452 283 476 115 214 58 216 320 56 8 384 252 36 16 370 267 194 32 367 296 469 348 385 102 197 466 60 412 489 327 185 483 356 220 107 392 499 89 11 263 357 31 85 211 93 234 313 80 37 363 64 143 299 106 240 9 238 213 350 430 291 334 499 426 2 161 301 95 488 407 402 215 28 23 340 93 84
510 29 228 426 91 451 464 275 397 246 273 292 365 394 35 242 255 337 324 448 480 484 105 123 100 47 103 436 329 114 315 121 64 44 396 427 21 240 254 182 390 70 171 35 432 101 26 374 204 406 303 433 206 157 426 308 58 103 214 497 119 249 60 411 35 296 21 267 31 359 99 425 103 344 417 475 274 101 186 126 328 82 133 14 430 238 384 488 28 212 470 237 267 482 509 457 304 68 305 12 225 350 122 162 481 494 190 252 168 325 186 110 505 139 339 108 14 416 500 417 28 274 114 362 207 16 248 282
304 299 340 18 59 285 196 169 155 339 199 219 182 389 34 134 115 70 52 282 33 203 371 228 96 479 416 437 282 249 137 283 33 136 96 503 363 87 264 405 198 353 501 267 203 200 338 506 142 469 501 436 197 73 449 477 499 443 476 345 262 12 8 327 71 111 250 204 153 27 279 230 231 191 22 504 78 29 479 282 24 5 5 28 170 372 215 52 489 233 452 148 100 348 184 170 342 10 148 68 181 428 225 470 75 39 361 87 278 391 424 270 246 1 153 436 55 317 5 509 21 397 166 164 474 1 12 254
428 438 454 165 499 293 389 182 230 152 60 476 15 2 273 83 197 296 110 503 398 418 366 27 292 20 296 45 332 138 101 209 33 233 59 59 100 258 450 203 223 492 170 69 43 223 95 478 268 28 123 356 100 201 150 399 499 418 213 144 217 23 122 136 42 277 155 195 417 430 349 219 110 59 220 239 319 456 465 13 102 467 347 417 72 396 83 436 49 311 141 194 460 103 34 267 66 486 59 44 246 249 180 182 232 241 225 112 417 135 470 7 466 177 212 269 266 48 245 414 97 214 158 332 106 212 436 474
109 316 134 479 74 164 341 477 135 163 219 172 493 324 43 40 360 48 193 87 451 208 391 232 177 283 162 238 64 330 343 270 355 407 389 292 417 92 85 330 325 178 422 277 413 99 11 201 290 453 18 94 398 422 90 445 137 368 351 154 138 273 391 23 331 8 435 499 241 140 328 189 182 281 439 309 396 335 168 78 71 130 439 219 98 179 110 300 300 361 372 448 328 34 371 423 216 368 49 344 333 145 402 281 348 104 127 307 140 364 23 70 232 327 433 466 85 64 472 470 51 259 333 397 56 161 72 407
365 231 39 292 284 353 60 31 38 85 454 69 377 123 143 503 149 499 150 302 178 113 246 133 185 161 176 110 152 270 329 494 243 399 79 15 98 164 60 361 132 450 405 217 434 405 176 135 89 439 382 77 26 346 59 428 122 220 372 333 399 99 301 164 381 300 288 274 187 18 53 138 421 439 457 132 125 304 169 179 11 366 419 47 184 148 72 35 456 371 255 11 164 352 27 198 88 38 17 135 94 335 453 197 52 78 112 120 37 160 248 272 405 508 151 168 62 4 499 109 145 318 14 83 246 63 451 378
375 477 73 455 407 181 233 67 281 379 143 175 144 329 361 75 445 90 398 67 458 24 144 149 338 199 164 67 505 275 452 215 74 235 2 69 58 378 466 381 443 446 428 427 428 114 380 249 157 479 370 232 34 445 99 275 9 338 463 161 168 133 38 334 105 233 293 8 496 56 354 451 323 431 181 67 393 129 279 164 219 315 78 146 179 347 50 260 44 147 20 38 149 185 267 79 408 192 416 469 440 329 169 341 280 126 423 131 136 21 104 338 54 350 194 252 172 100 128 85 185 365 41 328 374 201 438 288
487 228 474 321 372 364 439 480 183 429 482 291 107 312 138 417 102 187 270 472 20 284 194 328 305 177 499 266 305 172 468 452 89 379 74 11 55 31 497 468 387 92 478 428 222 42 477 234 214 18 329 219 97 281 32 88 493 170 122 437 268 209 76 1 136 492 443 237 136 194 158 317 382 16 18 379 504 180 68 434 377 205 100 475 242 142 407 161 291 205 306 188 501 111 415 400 195 224 143 30 409 261 250 144 215 281 510 96 289 354 352 102 326 392 427 417 86 423 430 54 129 48 90 130 481 214 335 15
265 130 483 365 345 311 488 17 467 146 233 366 461 493 356 23 459 81 346 493 48 8 50 482 281 244 152 52 490 214 510 385 460 73 312 501 405 95 236 208 183 195 29 224 94 154 175 303 218 213 376 226 278 226 415 367 355 382 39 335 391 152 80 62 168 143 1 489 134 185 54 2 282 427 298 185 271 380 311 508 274 60 93 163 221 284 354 362 319 304 449 197 7 164 442 224 190 390 241 108 176 147 386 277 123 107 193 67 202 219 477 158 236 469 199 359 84 441 395 311 235 308 23 122 184 263 241 395
305 357 19 506 176 182 51 407 485 503 72 347 41 211 196 462 507 338 443 456 423 378 77 115 215 39 83 494 496 163 221 97 22 456 192 154 205 264 403 376 496 267 446 304 406 40 123 453 201 225 147 444 346 27 297 350 44 106 359 233 53 493 107 162 96 160 265 510 206 132 325 254 4 305 6 145 493 312 61 93 459 276 82 38 388 239 64 288 66 295 448 226 354 315 88 373 1 414 7 483 185 272 489 24 290 167 379 67 388 362 58 164 181 209 222 318 265 13 242 376 382 203 350 181 276 53 427 55
56 90 427 228 450 279 413 80 60 102 93 428 181 236 446 290 153 229 35 64 395 158 252 504 410 297 66 394 465 160 149 309 12 394 277 303 271 160 145 404 36 180 473 335 384 431 156 203 221 226 357 313 150 493 198 51 177 96 243 188 131 287 501 329 134 314 306 95 165 71 357 8 291 34 461 337 34 157 305 396 59 9 154 77 250 103 87 303 366 324 7 11 354 109 187 218 140 170 51 39 174 436 120 334 196 80 73 442 389 125 16 256 300 494 331 442 139 293 467 406 382 166 104 216 394 213 121 147
58 369 367 235 65 130 254 480 453 208 335 205 17 318 396 309 462 474 293 466 25 397 122 352 489 169 284 81 113 144 336 454 337 380 462 342 464 497 215 141 421 195 422 134 184 481 161 458 452 365 471 92 49 222 185 129 97 180 327 94 411 91 351 15 432 2 132 491 484 159 247 285 61 428 10 497 11 347 457 328 449 286 9 249 90 488 267 134 263 216 439 451 490 426 237 207 214 30 11 342 496 92 251 46 469 342 407 67 34 273 121 341 126 111 84 187 424 287 125 327 136 427 51 475 95 293 62 34
314 45 8 486 347 99 394 486 339 75 449 455 307 365 133 400 41 412 428 275 174 334 348 17 172 234 294 271 144 391 415 491 179 155 310 363 29 374 334 10 398 295 436 479 107 338 506 481 388 503 380 135 63 253 162 210 322 430 420 425 246 471 505 310 492 305 183 131 350 447 358 458 400 119 332 205 342 487 164 326 160 474 137 384 464 374 90 386 269 253 202 53 445 423 78 338 161 260 336 202 75 346 273 501 324 215 179 43 277 413 498 333 432 487 131 248 468 5 385 9 39 373 66 349 273 463 38 399
292 500 472 42 107 465 78 307 235 118 488 13 431 41 156 210 127 69 433 253 89 214 228 299 27 102 174 106 474 504 14 200 427 481 238 405 285 338 172 338 144 301 286 412 349 290 230 351 144 461 267 258 408 218 481 247 439 469 308 429 120 119 425 302 293 433 165 314 84 412 7 491 426 57 145 408 263 372 425 493 184 168 346 316 202 459 297 255 6 46 343 458 104 30 83 393 261 239 262 447 22 408 45 502 329 279 173 443 424 238 37 286 337 453 331 2 201 231 230 285 126 272 223 447 244 177 12 419
