412 123 281 484 191 468 95 300 142 145 232 83 173 472 30 156 119 371 215 32 466 8 229 467 485 267 279 348 189 391 138 313 431 94 496 358 305 21 427 288 375 303 346 292 87 55 353 340 450 73 347 436 104 355 474 278 82 71 45 381 13 345 454 244
191 281 407 473 300 323 407 505 74 77 24 203 95 474 127 17 482 228 119 488 180 407 170 104 430 321 75 28 25 22 268 307 190 432 487 451 359 292 484 343 493 40 413 185 257 171 383 197 158 233 291 299 280 161 40 164 24 308 131 74 417 418 201 116
63 124 44 193 6 274 14 396 491 237 48 160 232 252 476 160 415 453 390 108 488 116 331 8 17 244 471 315 382 61 251 149 329 368 37 82 195 297 291 359 114 44 48 354 449 183 131 324 314 240 479 490 10 386 41 491 350 61 151 386 58 349 403 296
67 318 358 304 199 123 205 178 19 243 271 201 203 271 63 206 380 63 110 50 262 40 394 289 342 392 121 433 51 438 190 335 158 404 72 79 263 386 11 39 58 435 173 187 300 150 374 461 281 21 112 436 400 399 152 307 278 278 92 474 134 399 22 92
359 488 367 111 278 479 11 258 46 420 116 118 292 468 342 284 30 334 143 22 217 309 393 114 358 78 99 252 163 65 484 236 114 326 293 326 115 190 423 152 19 188 236 85 339 75 482 383 387 120 161 270 374 368 50 404 33 26 311 100 37 242 378 487
247 91 475 423 409 471 213 130 392 270 337 432 191 496 80 57 406 30 84 109 39 236 361 81 215 205 436 201 287 250 343 138 9 440 409 103 241 437 253 171 502 44 455 508 318 308 431 254 464 73 135 276 57 199 397 208 508 249 316 452 382 420 119 192
248 25 470 184 361 129 490 139 223 420 392 200 23 193 43 442 133 367 313 122 443 76 228 465 394 296 134 315 461 448 198 345 131 31 20 497 211 434 320 492 101 170 322 210 43 402 138 215 322 140 142 36 57 457 110 428 206 40 346 397 435 469 220 408
482 327 170 508 451 377 349 334 370 72 30 386 249 371 318 485 299 54 308 448 86 392 42 51 465 89 99 403 44 418 75 343 46 122 434 340 79 111 161 336 8 470 267 494 271 247 30 397 471 108 395 487 134 369 159 55 338 276 350 110 170 284 234 301
17 106 259 217 482 366 288 216 62 25 260 296 357 272 148 149 380 199 57 66 159 431 264 45 398 507 282 477 205 348 338 104 479 68 315 51 11 5 208 310 116 181 372 375 417 57 63 13 253 330 442 509 217 139 395 412 176 131 258 234 399 28 375 55
469 43 301 2 375 484 483 326 298 251 120 275 236 493 329 395 17 457 351 118 168 66 406 407 474 108 363 90 94 359 249 461 365 197 423 189 107 257 440 86 262 292 329 275 432 282 81 368 200 108 125 361 484 427 58 177 205 465 296 159 390 244 62 484
136 31 195 173 188 48 137 380 343 348 485 167 27 511 128 81 238 125 459 111 150 477 326 153 435 503 7 494 136 202 510 21 38 396 43 478 175 104 136 144 468 81 221 507 492 444 47 260 10 380 305 485 305 50 511 93 310 299 246 81 250 388 255 158
122 76 60 437 71 35 388 440 495 42 499 270 76 329 181 307 363 411 115 60 218 335 77 433 328 300 449 496 381 189 249 100 153 118 313 49 153 162 374 81 485 490 301 255 454 378 411 333 107 185 302 483 427 185 54 502 441 149 69 313 89 347 123 290
86 144 440 264 163 304 414 412 306 399 214 438 454 299 408 206 216 154 455 256 278 337 107 412 438 498 342 292 148 240 237 1 483 392 106 31 46 52 432 76 231 399 198 354 359 199 372 167 146 38 274 52 234 393 256 490 440 19 297 243 310 364 453 134
287 143 273 511 290 350 406 14 50 295 149 394 287 465 340 95 137 184 5 69 488 348 50 446 48 315 96 77 3 259 249 427 282 62 335 156 300 409 151 44 206 421 307 450 255 213 464 125 83 136 43 458 3 477 21 487 261 362 25 366 203 192 341 382
20 108 34 22 106 129 379 142 506 383 251 166 455 110 504 169 417 233 232 237 238 424 322 455 16 238 187 255 510 316 173 504 377 241 96 472 133 270 243 58 249 186 116 375 276 264 249 389 115 457 15 181 179 179 479 201 239 39 478 493 491 439 166 106
469 272 139 508 493 78 415 212 237 499 321 71 353 381 380 342 332 429 49 392 253 384 391 451 37 449 91 329 179 83 418 98 194 421 102 485 96 160 205 104 65 420 246 73 99 390 395 327 481 214 361 239 37 470 65 416 287 179 309 43 192 128 368 299
136 34 433 75 218 49 332 123 483 365 440 165 220 268 240 186 201 320 444 374 380 246 210 288 174 164 404 294 263 273 486 376 507 162 121 301 460 121 72 335 355 103 58 170 479 411 13 218 404 455 145 141 467 414 109 12 182 290 419 213 180 435 159 400
312 192 506 396 104 388 24 476 370 285 107 474 465 245 138 125 323 9 43 151 452 311 308 117 489 374 146 289 207 479 503 18 501 293 302 324 285 505 380 437 211 33 120 504 171 275 146 451 8 36 345 487 389 224 449 320 321 112 13 241 192 154 27 362
485 34 138 436 26 30 291 407 280 126 105 485 183 346 214 399 304 386 206 419 338 412 294 171 452 45 413 473 107 98 499 214 418 256 171 155 299 166 226 99 195 209 318 297 150 391 262 44 258 248 490 489 438 26 201 90 122 167 156 359 215 264 35 106
378 326 467 155 376 135 439 144 43 315 143 9 101 338 76 186 478 60 153 432 342 16 235 3 402 304 431 200 427 398 117 407 439 233 193 56 206 140 263 381 198 22 122 344 193 282 86 393 165 456 479 467 416 220 342 444 249 156 24 260 221 285 246 430
479 184 77 484 327 262 494 145 225 217 32 204 286 142 5 192 108 150 439 80 200 385 152 215 117 466 29 185 227 100 350 57 431 286 4 326 244 188 268 168 52 175 375 415 503 284 313 264 239 456 205 153 179 206 118 106 178 56 388 361 225 234 167 167
472 67 108 124 76 305 274 397 286 97 40 325 185 7 381 27 270 50 415 321 31 270 76 434 162 142 485 472 228 60 139 179 308 458 148 100 379 302 378 150 290 200 208 77 129 217 149 219 38 476 13 314 376 212 400 439 201 295 466 108 438 453 127 189
505 204 63 479 478 409 229 229 505 146 172 468 114 391 79 442 3 127 55 327 67 251 416 45 196 226 417 156 76 222 511 118 417 124 359 92 115 284 502 473 44 373 9 244 304 163 246 304 90 441 2 181 100 124 108 504 100 433 471 457 22 506 447 340
389 332 231 328 145 264 32 358 245 225 91 405 495 302 270 123 189 478 406 407 205 69 40 122 188 436 295 30 376 427 485 67 151 185 21 210 79 12 505 216 19 287 503 462 47 19 345 356 221 387 244 224 51 465 315 235 80 247 206 400 353 154 15 265
142 180 423 213 213 104 124 415 165 303 421 344 387 511 126 449 114 127 237 258 437 204 353 77 57 409 271 301 416 31 266 303 481 207 44 510 136 142 490 167 252 178 398 472 297 461 220 60 252 419 438 245 57 202 159 295 159 333 306 159 162 28 179 186
457 388 433 480 125 29 169 317 264 413 58 459 367 402 292 138 364 333 34 509 359 400 298 194 12 357 87 127 275 22 429 402 112 435 274 438 162 172 303 359 42 81 58 141 12 105 196 313 485 111 508 384 461 444 439 33 96 453 408 63 341 481 443 103
453 251 224 452 127 75 141 33 91 260 161 196 485 150 24 313 456 460 35 98 343 13 441 410 152 510 345 103 22 251 373 398 286 220 311 159 52 109 64 177 250 507 30 183 257 477 328 134 17 155 140 184 422 5 322 264 367 271 254 21 241 200 159 488
273 279 292 199 190 55 186 458 237 257 130 273 217 260 243 222 40 98 212 107 144 429 51 432 346 305 266 364 109 491 221 46 482 500 326 81 301 156 36 301 341 3 468 279 241 304 168 401 39 202 276 140 108 64 435 498 329 474 473 62 401 123 190 137
230 303 272 254 357 126 346 104 159 431 360 160 491 364 33 109 503 490 136 496 354 226 441 244 91 41 395 289 131 270 391 406 389 270 423 183 263 487 386 165 108 283 420 22 479 146 192 293 476 444 111 311 223 353 320 394 509 30 154 443 130 218 215 22
276 48 388 54 418 301 347 268 359 273 462 333 456 269 21 195 485 92 120 163 309 98 347 300 437 218 123 314 92 12 280 81 102 41 254 376 398 400 178 394 389 122 319 270 365 59 128 393 265 169 44 489 273 494 239 410 419 484 407 124 1 77 193 467
261 136 202 423 409 440 498 116 94 404 335 474 109 89 63 333 470 379 470 238 508 170 141 471 135 382 305 35 307 503 54 167 284 29 282 454 174 422 23 282 11 211 451 272 125 1 397 496 437 265 181 86 343 331 380 97 307 375 365 174 257 398 211 419
495 348 315 425 39 7 83 484 278 299 81 439 11 167 273 280 259 507 412 41 46 499 20 394 164 378 131 18 174 228 112 134 446 475 357 203 355 178 292 113 25 457 212 159 216 252 265 391 378 274 149 418 101 203 277 31 347 457 116 190 387 474 37 409
25 442 158 269 494 243 339 238 37 114 376 318 54 449 76 164 290 69 263 122 227 164 443 364 247 227 2 290 486 236 135 436 378 123 287 434 207 349 467 312 66 480 253 405 208 263 506 442 163 274 88 117 93 325 500 322 382 502 119 74 237 388 316 437
385 393 78 149 208 510 2 107 195 466 429 65 444 179 331 440 270 367 383 273 252 335 63 97 8 114 483 83 415 385 244 288 36 289 357 392 17 71 110 371 335 159 169 261 491 53 33 52 476 94 296 284 48 329 82 297 338 119 113 397 2 76 227 74
495 108 358 359 384 7 438 5 116 459 272 359 414 378 71 420 405 508 437 117 508 329 422 32 188 197 117 481 152 303 110 465 215 435 191 409 425 504 99 368 183 128 325 473 258 197 133 92 410 421 170 184 118 36 447 292 390 161 213 254 314 40 179 23
237 242 305 454 276 108 251 26 59 381 415 384 21 166 368 156 19 45 405 157 81 387 210 507 239 294 282 6 190 249 99 426 370 30 333 412 328 156 254 94 22 379 248 193 216 258 241 230 55 77 86 157 302 435 385 443 494 420 213 447 117 313 79 63
43 215 10 487 85 503 458 11 407 26 301 162 488 4 329 179 126 378 192 361 393 484 93 359 49 384 380 216 473 25 150 460 387 455 107 501 132 373 231 202 221 238 124 201 290 215 135 227 510 161 310 21 64 352 358 182 195 204 169 116 32 321 89 358
252 164 200 45 28 506 318 136 95 181 285 327 342 78 300 177 468 159 394 167 77 437 401 328 92 81 117 134 28 358 238 411 247 283 58 397 397 427 297 131 374 118 428 440 274 282 408 370 322 130 341 106 318 237 126 324 407 274 87 284 61 497 342 389
405 267 103 41 66 168 105 36 149 429 431 119 170 414 281 347 55 278 88 234 356 242 305 452 219 41 83 490 307 367 92 127 124 97 354 91 303 123 338 365 265 104 510 355 291 484 205 57 129 227 440 297 490 145 374 494 31 24 359 432 196 207 479 219
254 286 474 497 212 304 246 197 225 329 277 453 174 34 74 367 383 321 135 195 215 72 365 66 17 246 74 420 235 52 437 297 307 65 138 260 25 242 291 189 280 154 486 110 289 136 276 94 127 219 318 251 221 70 52 26 162 499 494 189 319 466 400 197
82 67 329 209 320 322 114 179 182 267 141 207 89 75 259 26 6 392 246 49 220 406 25 315 353 280 348 363 326 473 198 407 421 21 237 186 270 284 434 1 170 475 445 264 340 432 487 370 502 29 373 177 315 154 88 199 279 87 92 88 282 290 503 429
118 130 56 161 31 26 190 488 11 255 385 21 146 429 139 143 302 387 190 288 434 48 396 150 383 435 499 394 451 315 375 372 63 504 494 204 484 87 346 327 233 178 295 469 95 72 291 405 240 255 137 61 166 55 500 4 318 267 387 324 288 361 242 177
313 82 246 273 197 308 110 442 4 67 323 318 233 321 67 389 386 485 199 333 473 283 19 117 408 281 397 327 316 437 72 461 165 496 310 431 266 87 43 99 305 47 148 40 149 302 297 4 404 71 278 439 242 371 165 406 70 154 216 439 294 183 236 427
360 336 42 507 239 196 384 260 321 390 298 471 130 280 494 266 459 412 329 297 45 315 252 36 460 280 445 355 422 136 103 54 75 35 129 384 294 417 360 65 133 210 181 312 334 476 139 202 162 292 465 90 418 113 432 263 268 335 369 441 176 442 138 451
116 365 85 69 160 97 261 293 81 505 174 152 256 394 283 421 424 152 259 325 260 412 495 271 6 158 64 106 463 55 454 349 164 211 130 344 334 38 195 448 177 177 115 194 297 138 399 243 347 115 171 211 468 102 67 457 437 498 105 181 113 68 145 52
308 339 192 102 349 41 233 96 169 31 234 92 199 142 24 106 24 450 240 98 473 21 158 120 15 339 303 107 87 126 371 450 259 50 57 146 460 98 396 61 143 478 483 189 408 147 344 412 219 32 184 192 72 452 442 275 193 498 395 112 91 187 51 447
167 508 9 44 477 169 275 168 377 77 304 448 491 9 104 258 187 233 327 452 284 290 252 453 377 393 215 251 340 421 318 168 135 53 117 271 138 434 351 343 295 317 500 287 114 1 32 256 241 289 402 149 337 289 468 32 36 365 5 509 348 433 363 70
135 491 143 309 53 369 346 406 287 7 356 205 388 31 484 410 234 332 374 387 415 106 301 111 390 243 414 430 399 74 359 145 16 123 82 453 484 128 454 46 36 329 28 257 5 17 143 363 213 325 425 500 109 9 250 68 98 326 115 57 189 67 326 501
202 447 466 317 251 312 1 184 291 379 229 9 117 189 241 259 121 122 263 6 352 256 385 220 66 420 223 175 67 419 268 88 257 412 119 450 141 505 45 208 140 242 300 395 178 51 259 195 212 332 148 376 56 455 307 119 313 362 437 163 98 174 275 292
395 333 186 356 13 212 63 33 259 418 301 279 271 270 437 148 497 499 331 178 220 317 123 249 474 305 204 120 365 206 238 434 38 402 132 218 407 166 325 234 169 402 477 247 154 133 235 274 123 293 237 218 182 470 160 186 378 204 219 395 395 359 499 195
90 312 505 120 339 133 10 332 254 389 229 225 260 406 297 369 155 386 206 80 142 477 353 131 278 409 199 335 121 402 2 114 78 60 62 202 352 243 266 129 475 205 98 402 178 352 348 117 395 279 311 34 72 338 69 346 425 281 439 406 49 96 170 374
178 217 57 295 92 253 88 389 297 312 158 498 258 17 228 450 177 207 365 427 472 175 151 100 333 189 148 232 168 282 148 218 376 257 81 75 473 133 248 478 148 186 39 424 393 251 98 333 66 449 370 467 507 165 101 236 317 93 286 257 435 76 190 345
3 71 417 493 328 164 479 316 64 292 32 104 108 276 243 123 499 391 101 447 378 460 342 277 176 94 186 1 201 224 138 475 345 392 477 278 304 148 116 355 133 363 245 26 10 323 302 269 380 299 501 500 32 34 140 488 78 144 306 228 94 49 492 425
415 162 12 449 102 463 207 141 257 278 442 6 216 245 1 371 199 69 417 24 509 307 124 83 404 232 19 373 474 115 47 226 94 139 273 420 162 369 67 302 122 483 24 457 287 403 33 232 169 409 187 441 339 417 311 25 315 459 385 239 116 426 106 299
235 134 296 331 372 418 289 440 181 236 75 363 98 197 485 40 91 210 64 26 170 123 381 218 40 388 138 505 107 309 449 98 465 173 202 441 283 179 273 170 206 374 89 160 17 180 292 261 111 304 472 226 157 463 347 166 253 36 48 459 390 289 266 226
178 492 421 493 300 206 487 338 508 9 65 14 160 130 323 31 132 47 383 34 285 193 36 94 449 494 503 57 474 362 446 162 112 488 507 298 437 109 42 144 432 5 51 147 396 436 213 194 293 367 353 74 441 123 264 491 364 371 68 91 176 372 81 395
66 167 312 450 299 294 433 288 501 287 154 13 2 239 479 454 166 477 235 264 147 337 16 200 433 147 153 168 428 91 403 407 300 216 10 133 441 35 208 331 119 356 357 105 329 159 362 78 77 166 192 208 387 38 18 39 85 336 262 478 297 346 255 272
409 171 224 165 329 324 299 475 90 122 59 200 21 79 168 325 148 487 468 303 487 411 480 477 98 273 336 484 259 314 217 503 253 224 218 392 70 448 118 358 196 94 295 303 510 135 280 361 203 134 271 410 139 345 425 136 85 432 503 372 94 138 487 260
252 400 299 88 470 334 212 383 3 283 278 329 84 412 21 482 141 29 104 253 37 399 99 472 267 185 490 121 351 235 29 413 59 130 186 368 393 365 404 352 499 283 307 389 253 32 369 381 425 135 312 37 420 305 169 296 145 56 490 396 477 71 273 136
406 213 20 441 340 284 211 43 151 456 328 66 479 213 140 216 293 388 365 9 185 364 50 216 413 283 252 281 94 379 96 317 89 267 355 406 119 63 125 188 35 248 125 91 58 44 280 303 508 157 94 181 72 47 229 67 224 490 445 62 171 21 410 276
470 54 183 457 235 128 34 348 387 365 386 269 204 220 225 392 29 342 464 214 92 482 368 353 141 498 54 403 9 133 123 119 90 162 411 370 439 72 466 65 147 111 178 125 121 165 362 154 488 4 240 71 399 57 293 106 267 181 339 39 384 178 280 190
376 430 52 432 405 406 375 74 58 304 408 208 379 45 430 478 65 258 436 161 281 388 310 168 137 361 483 64 149 133 331 39 316 325 239 368 102 405 24 511 380 433 285 445 410 461 463 147 297 181 270 138 486 138 219 447 141 191 334 365 418 422 72 395
132 267 305 387 84 405 47 502 6 167 168 237 8 11 254 497 342 159 61 483 272 194 3 101 357 163 397 210 131 39 315 410 163 332 208 111 10 502 29 137 508 284 22 197 354 223 428 234 278 251 400 64 434 277 112 116 71 402 169 71 397 345 388 276
33 163 92 262 116 3 298 377 382 255 511 345 84 249 71 136 496 510 495 332 46 507 376 487 227 241 308 480 394 317 367 30 138 67 255 394 308 298 124 232 111 16 92 151 284 4 209 50 202 100 456 38 156 404 293 17 445 503 267 64 497 463 427 371
