394 158 7 270 185 95 337 99 494 402 307 298 296 211 149 89 484 379 476 188 460 266 374 233 119 316 103 394 298 109 374 485 77 77 423 136 250 7 64 124 500 404 414 463 416 131 511 232 173 481 260 478 328 70 349 11 313 293 16 191 368 121 215 45
143 129 71 191 434 269 292 278 495 367 225 322 138 143 349 428 163 353 2 77 255 247 461 80 371 385 137 309 199 404 222 311 331 33 409 169 341 304 421 227 186 435 369 491 352 268 231 435 458 287 360 426 379 278 3 439 261 428 191 47 122 474 2 247
378 62 467 277 321 473 432 446 499 215 346 44 12 433 452 422 88 504 17 244 118 460 253 236 20 366 482 341 367 457 64 5 405 46 50 478 308 345 234 29 337 186 51 509 139 89 321 499 297 239 505 412 48 71 46 97 28 25 485 286 327 223 444 169
301 285 501 338 9 399 62 189 510 217 232 50 508 98 192 435 221 55 140 313 4 83 154 158 492 170 428 4 96 176 234 308 243 265 138 399 375 126 435 399 494 376 184 23 135 252 309 53 219 202 441 481 72 3 415 362 387 488 344 421 492 368 319 203
454 93 242 273 249 403 151 363 295 74 290 124 85 73 337 14 242 27 455 44 298 64 511 277 286 339 193 103 109 165 491 275 134 11 318 229 110 496 418 394 212 167 186 304 237 102 476 113 112 289 256 276 391 371 361 239 106 283 349 383 109 275 109 406
43 36 315 260 371 250 422 43 309 205 73 177 283 227 103 44 248 328 244 262 275 278 33 333 421 361 288 265 168 463 177 270 43 473 47 295 345 481 191 14 209 197 150 235 434 136 369 337 94 359 106 229 201 416 487 502 63 458 65 132 159 408 278 450
353 150 283 89 123 442 2 52 308 196 56 356 240 88 409 425 354 89 502 295 335 376 27 268 87 385 195 394 225 95 151 15 171 16 386 442 427 32 144 20 324 106 87 208 22 329 351 65 373 363 360 496 165 94 211 330 506 63 97 95 505 139 371 323
306 271 89 135 176 450 350 476 16 339 276 359 241 336 285 318 302 66 370 269 467 367 417 74 273 91 429 46 54 105 223 276 83 135 504 80 130 180 61 151 371 439 323 96 392 67 466 231 411 386 14 75 244 201 224 52 371 260 217 72 307 276 376 316
206 88 425 185 291 80 235 66 412 212 193 144 158 284 10 370 121 139 59 225 262 365 116 379 114 375 63 224 504 122 229 410 290 203 332 269 402 200 167 485 152 455 202 6 324 16 383 441 11 191 342 361 47 373 404 397 89 115 54 102 69 140 189 54
381 371 463 274 417 244 270 18 428 287 57 206 4 165 486 491 430 225 191 117 31 86 205 220 393 249 460 453 417 114 479 366 327 40 492 17 51 33 415 182 482 263 141 309 404 129 345 23 152 251 266 103 128 180 14 465 279 377 298 189 345 382 139 172
302 406 291 387 439 334 219 141 183 140 173 82 73 35 301 251 11 232 492 130 383 507 384 56 395 345 186 405 148 134 59 432 191 248 466 53 394 104 185 369 257 93 443 490 216 296 397 129 35 498 30 345 254 311 366 374 444 230 273 457 461 457 328 109
44 234 336 326 501 264 282 120 187 335 439 145 152 168 174 15 358 63 412 389 92 252 418 25 116 440 169 121 46 133 84 172 129 24 479 62 346 116 148 473 136 369 27 234 355 286 232 68 258 262 146 192 236 475 437 160 239 57 344 147 386 236 114 84
217 167 402 415 448 388 10 32 337 110 359 429 498 197 141 430 153 425 482 202 133 82 407 351 195 322 337 263 293 201 208 57 200 120 438 155 479 279 364 470 259 456 257 496 334 465 509 71 262 370 495 120 344 320 349 117 279 152 392 368 419 53 463 143
190 107 9 428 371 153 207 250 14 162 22 377 442 437 281 223 170 377 488 355 250 352 104 277 471 30 272 108 342 326 207 484 213 461 472 130 105 79 284 43 150 304 235 274 75 362 425 35 273 32 323 241 398 430 346 379 13 468 21 18 440 471 467 508
315 46 282 214 70 292 76 445 435 31 66 305 496 304 216 323 230 339 387 257 401 358 208 338 269 479 383 275 167 196 108 384 227 103 116 335 198 292 392 121 424 338 95 458 1 250 344 490 395 367 283 175 326 452 267 32 165 507 410 187 302 105 82 182
262 271 445 202 91 259 387 241 487 384 315 36 139 325 222 36 130 210 421 441 38 367 434 196 72 507 71 253 154 458 81 296 18 118 428 259 16 101 290 368 215 491 92 41 1 363 418 5 402 309 259 385 262 235 400 179 318 90 213 468 172 15 208 290
470 30 450 172 410 303 1 509 95 52 164 438 145 30 296 149 388 355 453 339 505 341 330 433 180 331 472 57 190 89 49 389 370 383 37 495 303 332 168 412 132 426 379 324 148 304 320 478 70 426 400 122 247 217 394 338 21 419 417 187 441 21 229 301
27 274 210 451 384 503 363 286 472 186 216 180 141 130 471 33 472 171 216 196 229 313 214 480 83 47 82 304 176 368 220 339 250 133 140 182 296 196 418 493 128 248 358 490 201 293 352 338 351 302 479 456 152 424 11 107 409 86 64 6 373 488 281 58
410 19 381 335 384 261 146 113 262 85 386 263 421 472 97 358 298 176 325 153 13 362 452 158 204 411 426 392 178 84 430 376 463 352 190 494 388 351 313 268 189 159 94 434 482 340 407 35 359 62 476 16 315 128 309 186 123 183 418 36 151 432 214 143
106 451 378 12 344 24 302 188 189 458 57 156 54 386 221 70 392 335 12 34 276 11 266 178 23 31 296 331 275 299 285 210 409 35 204 281 333 400 330 142 82 363 451 470 176 322 176 133 426 5 216 249 67 352 181 131 360 501 452 446 73 266 244 88
392 383 20 426 115 163 158 201 143 316 411 39 201 82 23 144 370 148 201 223 338 135 311 421 364 128 85 262 346 482 170 502 80 203 32 146 70 84 443 129 274 424 131 383 28 23 353 80 329 500 140 93 92 413 265 265 72 158 365 372 95 470 66 246
45 242 246 490 238 121 105 294 79 156 179 45 287 276 372 227 35 185 383 250 391 48 318 397 173 333 331 338 207 119 85 430 214 430 41 68 131 86 177 92 70 190 44 456 422 363 264 382 449 80 96 306 78 413 345 124 488 276 189 263 47 212 192 357
323 78 302 159 135 128 354 294 355 99 327 222 338 239 35 199 316 230 51 350 499 490 41 28 156 205 299 39 409 240 368 393 160 39 72 389 77 53 504 190 144 435 67 361 506 295 468 273 364 412 151 59 344 448 453 90 223 395 421 432 342 394 471 98
262 242 411 108 249 105 439 301 52 467 109 442 60 354 123 457 307 174 485 405 423 239 459 365 46 221 397 502 373 472 446 269 394 339 147 117 44 174 462 51 374 359 34 296 77 484 9 304 69 37 90 277 440 68 412 498 20 179 276 260 216 511 143 359
283 208 322 136 270 406 483 490 52 453 169 284 37 9 446 355 466 57 82 295 178 444 281 141 351 262 25 324 100 83 12 375 89 510 477 83 466 235 5 90 453 410 187 125 487 6 371 358 217 426 447 506 247 145 16 467 104 489 426 240 321 294 500 276
289 279 106 7 441 428 127 422 309 243 230 353 506 276 366 111 18 393 163 136 3 250 424 17 497 392 309 130 410 231 254 384 222 506 2 293 54 230 381 297 431 139 349 248 102 29 118 266 249 36 400 9 293 346 15 16 29 508 464 467 340 211 484 404
458 17 102 479 371 179 334 23 71 188 117 61 123 80 286 214 223 98 121 441 197 500 354 67 414 216 37 147 463 95 105 471 171 466 501 23 214 260 82 213 310 360 110 260 167 180 15 32 227 227 61 75 509 197 70 371 448 354 399 285 194 345 1 45
266 276 148 251 76 366 205 246 269 501 33 378 158 262 315 57 274 338 409 211 12 60 159 317 356 480 158 419 57 376 415 226 315 89 364 8 51 126 215 228 468 507 435 139 190 448 130 256 176 390 102 288 34 408 260 142 387 59 80 147 86 80 366 284
502 417 238 503 18 461 125 385 40 325 355 373 355 156 270 462 315 176 104 127 177 19 33 13 433 207 473 353 423 174 286 214 323 326 354 94 389 274 415 170 7 327 506 252 411 301 180 416 178 218 387 336 31 460 374 272 260 379 102 76 167 141 244 92
488 165 361 50 262 181 209 279 269 79 294 102 341 115 487 279 80 152 392 283 77 449 83 443 106 456 397 334 473 380 155 212 246 234 16 265 306 253 232 256 501 100 73 121 348 276 91 5 49 321 369 67 33 3 252 233 226 237 479 388 162 71 282 334
142 173 85 364 391 328 49 191 301 101 167 91 277 332 147 290 5 327 158 401 194 33 135 255 147 426 101 237 69 225 56 377 437 493 373 93 431 422 196 285 304 23 158 199 469 101 85 217 8 344 375 169 322 75 139 495 88 272 84 481 379 140 175 35
12 447 82 421 459 28 436 211 24 490 15 287 140 410 339 240 163 263 415 282 250 291 221 148 450 423 388 488 361 30 242 144 351 258 293 120 282 175 295 93 205 320 224 244 47 109 270 467 72 145 262 143 460 314 44 143 316 333 404 40 4 126 56 83
509 247 392 505 194 309 266 321 432 156 123 268 473 37 385 43 13 368 222 311 119 301 476 14 312 376 434 359 345 424 440 59 110 455 29 9 168 456 485 58 410 498 230 74 186 32 137 396 184 241 107 404 149 357 443 90 270 414 152 204 173 493 493 200
177 290 40 364 411 216 291 331 481 132 450 19 285 368 32 337 244 312 405 268 428 265 216 61 373 37 41 249 315 337 376 359 308 365 425 491 467 463 133 303 26 202 159 250 466 203 330 443 47 72 206 489 272 204 97 427 413 170 343 473 294 216 154 217
81 342 262 199 17 150 284 223 407 297 337 297 71 104 286 140 447 285 402 415 427 131 69 445 270 22 452 235 80 289 108 305 241 292 291 482 292 9 223 119 364 156 457 159 347 480 100 439 469 282 397 445 79 127 111 214 10 179 222 81 403 344 159 130
157 140 76 236 370 40 24 327 264 172 94 338 7 309 494 17 494 9 132 433 466 334 78 45 232 34 169 298 453 194 35 311 11 1 22 207 174 317 315 207 446 249 357 286 371 276 417 108 85 287 32 430 384 426 11 27 339 199 112 467 159 448 53 481
177 198 296 490 49 235 223 458 396 398 372 78 328 33 225 50 318 146 409 495 175 86 361 449 225 511 263 349 468 103 476 503 308 400 500 216 64 363 463 128 27 319 167 255 365 340 123 340 153 317 436 71 232 348 56 424 433 365 363 301 124 97 486 158
401 140 194 366 274 260 402 209 307 490 424 395 120 464 343 421 158 230 385 8 140 88 473 86 64 150 192 296 136 412 226 278 460 56 334 7 281 291 240 317 231 218 416 435 24 363 256 400 188 137 345 349 165 89 274 155 464 322 90 394 12 119 445 107
214 62 501 263 112 96 44 170 238 177 336 198 6 360 293 411 31 170 244 155 81 305 164 59 33 217 226 463 252 345 510 215 358 352 281 383 324 322 85 171 86 22 452 141 265 331 268 270 70 416 106 272 396 265 204 47 276 232 274 444 408 233 193 196
140 325 87 146 265 408 403 61 344 283 285 397 294 355 81 159 276 74 438 155 315 156 223 439 206 245 147 329 409 33 37 59 323 116 505 162 510 213 303 361 149 56 310 12 247 238 405 180 386 52 35 426 440 429 343 265 334 413 119 143 207 352 245 281
312 238 389 37 271 422 148 349 511 101 217 425 357 9 166 227 268 180 249 453 210 345 152 392 94 45 330 205 34 86 304 256 391 101 119 121 35 157 2 406 77 476 305 457 474 31 510 396 37 125 107 145 488 100 11 175 84 283 2 266 233 201 106 246
294 323 421 9 338 245 11 384 31 72 201 152 21 183 432 39 507 255 346 393 240 415 273 456 3 52 382 301 120 98 407 424 228 77 29 492 510 294 161 236 444 39 194 159 62 140 160 391 306 216 418 79 58 481 142 457 369 188 389 272 206 239 398 330
457 407 111 218 296 48 399 508 161 256 468 133 437 508 267 145 334 453 136 331 466 207 307 385 453 380 239 365 4 32 317 471 201 326 331 196 460 5 242 280 356 509 247 161 285 335 78 493 222 328 6 275 457 92 482 280 305 333 459 430 63 389 380 375
77 500 139 215 351 99 141 69 477 12 394 66 469 281 74 117 200 278 182 178 11 211 58 442 163 338 176 505 171 223 392 182 314 452 361 45 92 75 365 90 350 323 218 315 110 311 379 44 454 349 391 237 401 511 404 399 418 288 431 107 29 244 43 276
486 166 315 236 219 152 461 338 1 136 38 331 31 214 174 482 66 291 136 29 338 123 324 92 416 110 116 268 108 207 286 337 266 78 312 198 451 88 132 337 467 465 487 340 495 183 228 181 280 12 228 151 55 282 252 446 96 86 328 392 161 465 41 88
195 104 222 119 191 89 418 58 15 498 470 395 437 4 249 238 469 24 110 347 444 314 279 125 137 104 162 507 386 74 189 30 307 154 309 193 365 317 159 69 466 107 330 167 373 190 53 428 325 407 453 101 128 463 477 146 232 105 230 109 121 420 473 379
11 243 37 373 131 488 133 376 45 25 415 17 165 361 185 443 489 228 64 257 39 34 119 150 23 176 20 372 8 185 377 241 388 18 459 238 179 41 31 491 95 234 68 442 489 389 504 482 481 453 21 343 381 129 301 281 276 212 387 468 237 182 198 284
11 46 430 442 501 209 109 247 141 461 345 490 478 24 493 121 484 358 149 471 333 502 140 335 91 45 457 269 216 177 400 204 4 484 248 488 469 190 456 426 226 354 343 357 510 29 309 86 54 169 103 425 314 107 510 184 427 284 278 383 205 396 320 172
381 71 182 405 417 287 346 88 446 423 436 115 94 66 424 329 403 332 304 62 63 483 351 56 368 259 137 206 464 398 60 5 140 159 381 429 327 274 99 319 401 84 227 224 227 99 204 444 386 422 285 109 388 247 285 413 229 405 496 91 392 172 304 149
138 254 44 459 91 296 443 273 460 507 71 272 498 58 178 277 434 450 365 292 17 249 393 63 388 473 127 174 394 488 248 205 241 261 65 277 207 259 480 175 462 2 444 508 264 422 253 221 86 157 64 203 93 223 9 277 40 395 464 304 290 23 138 310
118 245 11 201 202 72 100 227 185 22 253 261 329 429 237 386 413 225 75 265 496 49 1 121 459 23 487 437 311 177 257 154 251 456 394 87 495 245 422 248 427 205 217 67 232 465 71 240 119 165 474 267 357 2 35 455 433 313 269 28 85 505 398 298
380 76 415 227 463 186 430 489 413 79 302 286 175 225 113 131 71 399 314 447 501 132 343 211 300 55 380 78 241 460 44 394 124 393 325 383 475 473 451 36 153 384 61 41 4 365 413 289 454 260 431 358 75 54 146 111 436 180 208 471 127 23 38 90
388 251 416 419 148 12 305 97 110 194 256 114 323 246 265 480 224 131 397 43 329 57 315 87 375 159 443 418 479 55 329 254 351 293 70 43 302 269 228 477 166 418 168 468 62 287 116 441 386 392 112 307 7 27 14 485 496 72 11 407 148 80 114 507
117 16 61 441 265 324 273 12 337 462 312 294 274 261 367 69 384 335 349 244 31 408 44 314 315 282 329 271 122 129 59 483 156 123 415 44 459 228 72 338 278 45 363 173 78 506 233 364 219 133 183 423 44 325 41 410 77 474 316 393 437 288 225 363
260 214 413 439 162 446 378 356 109 226 442 496 355 393 203 30 177 335 302 84 409 85 487 21 378 315 62 479 9 419 116 288 447 434 468 327 231 350 195 407 470 23 466 440 421 405 273 287 238 92 496 15 240 248 224 488 131 235 508 329 21 172 392 189
306 314 467 441 496 120 432 234 105 450 133 311 433 201 87 64 472 219 391 331 479 30 58 281 325 185 29 49 101 490 131 120 350 31 414 392 487 309 400 166 98 134 106 410 260 82 43 264 488 497 105 256 382 344 352 267 146 472 203 35 23 112 128 114
478 227 170 391 197 348 36 392 93 397 323 181 61 464 289 376 442 451 231 378 134 152 334 489 246 384 438 414 251 169 358 287 330 325 406 65 436 273 56 374 425 11 83 356 190 123 232 417 505 364 181 132 59 343 439 502 404 42 10 71 476 368 273 151
70 238 119 166 87 239 309 51 420 459 436 279 270 480 16 132 355 339 310 26 500 264 153 452 164 95 160 170 273 242 306 118 90 36 374 393 495 194 20 48 451 223 482 2 201 2 280 364 446 371 303 329 202 503 467 196 371 166 251 345 319 487 5 360
362 123 47 184 267 106 312 59 374 240 286 383 20 453 463 323 135 419 296 215 62 44 207 491 256 218 359 147 343 278 487 91 11 52 128 479 498 396 151 32 429 435 251 246 357 277 232 424 282 227 371 272 337 269 350 75 159 285 236 228 450 444 380 380
59 117 485 60 427 11 236 95 379 428 54 230 56 111 494 299 279 438 149 279 399 82 510 465 43 204 197 443 105 324 363 394 205 471 454 440 115 99 368 440 299 49 117 168 174 250 190 414 69 394 267 380 377 414 57 480 384 96 317 41 482 427 5 3
194 103 453 257 101 211 499 5 238 382 358 336 502 233 317 243 498 487 135 18 241 429 236 489 420 231 478 447 385 494 233 138 247 118 401 263 342 491 176 372 10 479 101 320 244 386 422 183 301 455 311 71 145 124 224 243 130 146 202 469 396 290 225 4
318 304 48 367 49 196 485 294 156 180 253 239 201 27 370 341 146 498 164 476 298 311 16 132 119 60 454 44 84 290 170 53 31 59 36 331 493 286 288 474 16 136 403 226 510 352 417 91 493 152 205 51 22 427 462 139 53 213 421 36 121 475 44 204
438 291 35 215 6 4 2 119 87 403 46 65 149 174 330 209 274 175 97 415 500 326 200 222 400 267 82 165 207 353 315 424 351 183 341 271 505 372 149 313 357 149 31 478 2 488 407 398 507 240 11 420 157 418 167 448 261 76 240 103 376 445 497 407
501 195 424 279 465 367 37 148 258 190 139 166 94 197 310 430 255 447 389 165 89 358 436 227 443 350 410 326 186 493 296 381 17 226 318 393 423 25 459 268 124 474 72 308 508 205 380 148 69 251 397 490 16 87 6 482 418 335 27 2 471 346 147 378
